Top 50 beneficiaries (absolute) - baseline -> katz
==================================================

 rank  author_id  h_baseline  h_katz  delta_h  rel_pct  num_publications  kudos_ratio
    1    5030158          20      17       -3    -15.0                20         0.08
    2    4213611          22      18       -4    -18.2                36         0.15
    3   13256191          21      17       -4    -19.0                22         0.06
    4   13705056          20      16       -4    -20.0                24         0.08
    5   10223255          20      16       -4    -20.0                21         0.28
    6    2148390          25      20       -5    -20.0                33         0.08
    7    5193574          22      17       -5    -22.7                28         0.12
    8   12087059          21      16       -5    -23.8                26         0.07
    9     920183          20      15       -5    -25.0                23         0.07
   10    6309630          20      15       -5    -25.0                21         0.06
   11   11815159          20      15       -5    -25.0                20         0.10
   12    3090396          26      20       -6    -23.1                33         0.05
   13    8407322          25      19       -6    -24.0                43         0.12
   14    5902922          25      19       -6    -24.0                27         0.06
   15    4703305          25      19       -6    -24.0                53         0.12
   16    8931815          23      17       -6    -26.1                23         0.09
   17   13534764          22      16       -6    -27.3                44         0.08
   18    4919859          22      16       -6    -27.3                33         0.19
   19   12099714          22      16       -6    -27.3                26         0.19
   20    4528420          21      15       -6    -28.6                25         0.09
   21   12209690          21      15       -6    -28.6                24         0.19
   22    7708756          20      14       -6    -30.0                21         0.06
   23    1416629          20      14       -6    -30.0                21         0.09
   24   10288472          20      14       -6    -30.0                20         0.11
   25    4135875          20      14       -6    -30.0                21         0.07
   26   11710036          26      19       -7    -26.9                28         0.16
   27    2581089          24      17       -7    -29.2                33         0.09
   28   10374830          23      16       -7    -30.4                24         0.10
   29    7374273          23      16       -7    -30.4                46         0.18
   30   10052995          22      15       -7    -31.8                45         0.06
   31   11305816          22      15       -7    -31.8                41         0.11
   32    7252926          22      15       -7    -31.8                24         0.16
   33     956990          22      15       -7    -31.8                24         0.17
   34   12051453          21      14       -7    -33.3                23         0.07
   35     913986          21      14       -7    -33.3                22         0.06
   36   12915876          21      14       -7    -33.3                27         0.14
   37    6819695          21      14       -7    -33.3                24         0.22
   38    2111313          20      13       -7    -35.0                27         0.04
   39    3580969          20      13       -7    -35.0                26         0.05
   40    8383512          20      13       -7    -35.0                21         0.05
   41   11504738          20      13       -7    -35.0                28         0.06
   42    6880146          20      13       -7    -35.0                22         0.11
   43    9528210          20      13       -7    -35.0                31         0.13
   44    6583257          20      13       -7    -35.0                23         0.07
   45    7153246          20      13       -7    -35.0                27         0.17
   46    5124725          20      13       -7    -35.0                22         0.11
   47     122769          20      13       -7    -35.0                25         0.09
   48    6481593          20      13       -7    -35.0                20         0.13
   49     843231          20      13       -7    -35.0                23         0.14
   50   12853639          20      13       -7    -35.0                31         0.14
