Top 30 INCREASE - baseline -> katz
==================================

 author_id  h_index_baseline  h_index_katz  delta_h  rank_baseline  rank_katz  delta_rank  num_publications
   5030158                20            17       -3         492610       8950      483660                20
   4213611                22            18       -4         408564       7031      401533                36
  13256191                21            17       -4         447811       8355      439456                22
  13705056                20            16       -4         492500       9960      482540                24
  10223255                20            16       -4         495070      11032      484038                21
   2148390                25            20       -5         313438       4795      308643                33
   5193574                22            17       -5         408572       8857      399715                28
  12087059                21            16       -5         447800       9134      438666                26
    920183                20            15       -5         492541      13446      479095                23
   6309630                20            15       -5         492638      14003      478635                21
  11815159                20            15       -5         492995      13998      478997                20
   3090396                26            20       -6         287713       4862      282851                33
   8407322                25            19       -6         313431       5084      308347                43
   5902922                25            19       -6         313432       5832      307600                27
   4703305                25            19       -6         313642       5882      307760                53
   8931815                23            17       -6         373062       7552      365510                23
  13534764                22            16       -6         408354       9085      399269                44
   4919859                22            16       -6         408560       9566      398994                33
  12099714                22            16       -6         408656       9907      398749                26
   4528420                21            15       -6         447956      13549      434407                25
  12209690                21            15       -6         449121      13874      435247                24
   7708756                20            14       -6         492482      14081      478401                21
   1416629                20            14       -6         492535      15245      477290                21
  10288472                20            14       -6         492599      15427      477172                20
   4135875                20            14       -6         492664      17648      475016                21
  11710036                26            19       -7         287770       5176      282594                28
   2581089                24            17       -7         341715       8001      333714                33
  10374830                23            16       -7         373121      10213      362908                24
   7374273                23            16       -7         373125       9113      364012                46
  10052995                22            15       -7         408378      12795      395583                45
