H-index change baseline -> katz - Top-1,000
===========================================

 rank_baseline  author_id  h_index_baseline  h_index_katz  delta_h  delta_rank  num_publications
             1    2909828               288            54     -234         -28              2173
             2    2036634               252            59     -193         -15               927
             3    3118255               252            75     -177           0               584
             4    3905565               249            69     -180          -2              1253
             5    6558419               248            80     -168           4               849
             6    9772016               245            37     -208        -286              2466
             7    6795552               245            52     -193         -33              1273
             8    8784928               242            78     -164           6               735
             9   11384487               241            54     -187         -22              1653
            10    3566237               235            41     -194        -179              1805
            11    5187963               234            39     -195        -229              1527
            12   12709842               233            53     -180         -24              1288
            13    3078355               230            54     -176         -17              1202
            14    9516779               228            47     -181         -63              1307
            15   10683466               222            37     -185        -281              1024
            16    3546501               222            48     -174         -51              1350
            17   13091167               220            37     -183        -276              1337
            18    2986463               218            42     -176        -145              1599
            19    7019150               216            49     -167         -42               783
            20    6990667               215            42     -173        -144              1341
            21   11922989               214            45     -169         -93              1322
            22    8815400               213            67     -146          14               681
            23    4498000               211            41     -170        -168              1065
            24   13120003               211            54     -157          -8              1405
            25    6009653               211            67     -144          18              1045
            26   12239711               211            43     -168        -117               878
            27    4013524               211            47     -164         -52               839
            28    9642557               209            38     -171        -234              1728
            29     101090               209            72     -137          25               782
            30    3303308               206            49     -157         -29              1152
            31    1127410               206            37     -169        -268              1004
            32   12452097               205            33     -172        -464              1157
            33    9964935               205            44     -161         -96               885
            34    1497768               204            44     -160         -94              1155
            35    7811568               203            45     -158         -82               817
            36    7945633               203            52     -151          -5              1028
            37     908173               202            28     -174        -968              2535
            38    4226882               202            56     -146          16               556
            39   10928932               201            34     -167        -379              2036
            40    7708141               201            53     -148           3               651
            41    2132626               201            41     -160        -151               679
            42   10020021               200            43     -157         -99              1093
            43    1898713               200            55     -145          18               474
            44   13391059               198            32     -166        -533              1825
            45    2752276               198            44     -154         -86               953
            46    5802147               198            48     -150         -25              1087
            47   12064581               198            37     -161        -247               983
            48    3443989               197            61     -136          36               727
            49    1787155               195            59     -136          30               683
            50   12885095               194            45     -149         -66               639
            51   13718786               194            43     -151         -91               734
            52    2398791               194            61     -133          39               537
            53    8375151               194            41     -153        -137               921
            54    3653795               193            37     -156        -244              1097
            55   12504769               192            38     -154        -206              1075
            56    8169729               190            54     -136          23               978
            57    3063839               190            37     -153        -238              1271
            58    8077292               190            28     -162        -950              1254
            59   12977538               190            50     -140           5               687
            60    5639696               189            65     -124          51               442
            61   12709092               189            25     -164       -1639              1597
            62    9553359               189            38     -151        -208               796
            63   13103046               189            44     -145         -64               974
            64   13032220               188            48     -140          -5               561
            65    2579314               188            34     -154        -357              1433
            66    6826428               188            32     -156        -512              1667
            67   11083570               188            43     -145         -77               854
            68    8456779               188            70     -118          63               370
            69   12943379               187            31     -156        -590              1525
            70   13673999               187            33     -154        -429              1147
            71    8649812               186            45     -141         -44              1278
            72    8435304               185            40     -145        -141              1414
            73   12537065               185            48     -137           8              1103
            74    2563296               185            43     -142         -72               654
            75    9665806               185            43     -142         -75               636
            76    7733186               184            36     -148        -252              1148
            77    7738768               184            48     -136           5               613
            78    6755308               184            30     -154        -674              1258
            79    5031730               183            36     -147        -250              1482
            80    1204811               183            29     -154        -793              1141
            81   12792640               183            30     -153        -676               724
            82    9252184               182            47     -135          -1               641
            83    8555229               181            35     -146        -281              1015
            84    3232452               181            30     -151        -667              1282
            85    8567115               180            26     -154       -1356              1573
            86   11758319               179            35     -144        -279              1479
            87    3052931               179            55     -124          60               365
            88     985018               179            35     -144        -273               916
            89    3653221               179            27     -152       -1118              1547
            90   12748302               178            50     -128          39               763
            91   11062698               177            42     -135         -76               705
            92    1690800               176            26     -150       -1348              2763
            93    4220000               176            34     -142        -335              1060
            94    7898192               176            49     -127          34              1277
            95    6358547               176            31     -145        -565              1348
            96      66436               176            44     -132         -34               807
            97    4824452               175            37     -138        -208               555
            98    9663796               175            37     -138        -205               964
            99    2049097               174            25     -149       -1604              1853
           100    2879564               174            51     -123          52               645
           101    1414397               174            45     -129         -19               793
           102    6853236               174            62     -112          91               581
           103    8197217               174            47     -127          18               498
           104   12580511               173            47     -126          18               743
           105     821788               173            36     -137        -225               721
           106   11237548               173            33     -140        -389              1109
           107   11095942               173            34     -139        -314              1268
           108    3234892               173            31     -142        -556              1227
           109    6500557               172            33     -139        -391              1258
           110     105101               172            30     -142        -639              1232
           111   11615886               172            39     -133        -130               896
           112    7703871               172            32     -140        -480               711
           113    9238635               172            43     -129         -34               791
           114    1644939               171            34     -137        -323               719
           115    6671105               171            35     -136        -253               604
           116    4479236               170            40     -130        -112               489
           117    8463126               170            27     -143       -1089              2121
           118    9799654               170            53     -117          79               514
           119    3966887               170            47     -123          31               458
           120    1816213               169            30     -139        -630              1285
           121     472781               169            39     -130        -124               798
           122    1360463               169            35     -134        -244               868
           123    4801700               169            28     -141        -889              1358
           124    4468912               169            42     -127         -52               620
           125   13229925               169            32     -137        -456               994
           126     671306               169            25     -144       -1583              1056
           127   11831050               169            57     -112         106               676
           128    2260002               169            41     -128         -66               536
           129    9886262               169            46     -123          24               473
           130    8066685               168            35     -133        -233               928
           131   12237274               168            46     -122          36              1038
           132    5422420               168            60     -108         117               465
           133   11081471               168            38     -130        -130              1253
           134    2960952               168            38     -130        -134               767
           135    7909688               168            47     -121          46               541
           136   11891718               167            42     -125         -37               858
           137    2885945               167            42     -125         -32               472
           138    2460564               167            56     -111         115               499
           139    2465983               167            29     -138        -736              1355
           140    8614840               167            62     -105         130               558
           141   11789899               167            34     -133        -283              1071
           142    9427293               167            34     -133        -291               544
           143    5312840               167            36     -131        -204               500
           144    5165833               166            35     -131        -216               988
           145   10987843               166            55     -111         119               613
           146    3154408               166            25     -141       -1555              1853
           147    4898397               166            33     -133        -354               773
           148    6680173               166            25     -141       -1558              1479
           149   13690353               166            55     -111         121               447
           150    2027962               166            34     -132        -273               906
           151   11188688               166            31     -135        -534               683
           152    7425343               166            40     -126         -68               575
           153    9067721               165            47     -118          75               855
           154    6724779               165            34     -131        -272               733
           155    6312414               165            24     -141       -1852              1277
           156    2701585               165            33     -132        -352              1031
           157    1549041               165            27     -138       -1070               962
           158    9635713               165            43     -122           7               377
           159    5181920               164            25     -139       -1540              3865
           160    7961189               164            44     -120          27               383
           161   12611655               164            33     -131        -362               482
           162   13248739               164            33     -131        -341              1172
           163    4995275               164            39     -125         -88               394
           164    1178692               164            59     -105         144               367
           165   11751146               164            34     -130        -265               698
           166    5306143               164            32     -132        -418              1036
           167    6837858               164            26     -138       -1285              1188
           168    3427110               164            37     -127        -133               792
           169    4074180               164            32     -132        -413               687
           170    7978331               164            40     -124         -45               697
           171   13104577               164            32     -132        -418               719
           172   11214711               164            26     -138       -1281              1075
           173   10627261               164            51     -113         124               548
           174     237762               163            48     -115         108               836
           175    7798789               163            28     -135        -834              1380
           176    7805689               163            28     -135        -831              1266
           177    6003655               163            27     -136       -1036              1190
           178    4861431               163            42     -121          -5               412
           179    2776191               162            24     -138       -1825              1777
           180    8755657               162            30     -132        -575              1029
           181    3421764               162            24     -138       -1825              1383
           182    3251246               162            34     -128        -245               928
           183   11718556               162            46     -116          87               844
           184    1560583               162            39     -123         -66               572
           185    5181155               162            31     -131        -481               912
           186    5835021               162            44     -118          51               482
           187    8860077               161            38     -123         -78               888
           188   12887932               161            28     -133        -830               669
           189    1809847               161            25     -136       -1549               719
           190    1181300               161            42     -119          25               592
           191    2483920               160            51     -109         144               492
           192    8005973               160            39     -121         -57               340
           193     556651               160            26     -134       -1251              1366
           194    7493207               160            27     -133       -1011              1793
           195   10794292               160            23     -137       -2172              1595
           196    3479577               160            33     -127        -302               776
           197    6225476               160            30     -130        -562               922
           198   11172599               160            37     -123        -110               553
           199   10118333               160            40     -120         -25               539
           200    5089676               159            48     -111         124               289
           201     582870               159            46     -113         102               329
           202   11465499               159            50     -109         150               435
           203    4101466               159            59     -100         185               552
           204    3459958               159            26     -133       -1244               837
           205    3809384               159            46     -113         101               443
           206    8041858               159            23     -136       -2164              1645
           207   11001177               159            28     -131        -799              1550
           208    9171307               159            46     -113         111               815
           209    7813478               159            46     -113         109               405
           210    8017595               159            27     -132        -999               826
           211     135874               159            35     -124        -175               601
           212    9624370               158            26     -132       -1230              2081
           213   11723599               158            25     -133       -1491              1410
           214    4774013               158            36     -122        -117               729
           215   11041206               158            41     -117          17               669
           216     490297               158            28     -130        -815               874
           217    7014758               158            33     -125        -285               833
           218    4961259               158            24     -134       -1795               908
           219    6088022               158            35     -123        -151               600
           220   10586408               157            47     -110         139               542
           221    4935977               157            27     -130        -989              1098
           222    7569995               157            26     -131       -1225              1094
           223    9725375               157            35     -122        -146               745
           224    4740827               157            52     -105         182               523
           225    4709876               157            30     -127        -543               824
           226     169530               157            22     -135       -2593              1281
           227   10370425               157            24     -133       -1775              1297
           228    4088575               157            20     -137       -3823              1680
           229    2325531               157            37     -120         -71               625
           230   10128707               157            35     -122        -160               624
           231    9054802               157            42     -115          53               391
           232    7104680               157            48     -109         164               585
           233    6731879               156            48     -108         163               380
           234   11514652               156            33     -123        -259              1490
           235    8679580               156            33     -123        -275               563
           236   11012791               156            26     -130       -1231              1124
           237    6870015               156            30     -126        -527               938
           238    6052377               156            41     -115          43               401
           239   11055524               156            28     -128        -791               835
           240     801139               156            50     -106         184               408
           241    7463923               156            22     -134       -2596              1091
           242    4415660               156            52     -104         199               402
           243    9043796               156            23     -133       -2133               959
           244   10509641               156            30     -126        -512               923
           245    3981634               156            39     -117          -7               500
           246    6470877               156            22     -134       -2596              1067
           247    2745601               156            38     -118         -30               440
           248   10218082               156            37     -119         -62               438
           249    7512878               155            18     -137       -5646              3258
           250    8693805               155            23     -132       -2119              2021
           251    8879664               155            19     -136       -4626              1720
           252    4161887               155            40     -115          34               538
           253     594134               155            46     -109         150               428
           254   10542938               155            24     -131       -1749              1658
           255    4856924               155            26     -129       -1190              1376
           256   11337892               155            21     -134       -3137               970
           257     322195               155            35     -120        -121               564
           258    3869622               155            23     -132       -2129               657
           259    4892116               155            40     -115          45               731
           260    1975725               155            27     -128        -961               718
           261   11521821               155            34     -121        -199               402
           262    3983375               154            32     -122        -325               672
           263    8686107               154            25     -129       -1468              1050
           264   13684795               154            19     -135       -4617              1309
           265   10209666               154            26     -128       -1201               959
           266    7204989               154            28     -126        -760               897
           267    5331423               154            23     -131       -2116               783
           268    8570362               154            40     -114          47               426
           269    7159174               154            35     -119        -103               641
           270    6585549               154            46     -108         157               382
           271    3180855               153            46     -107         165               445
           272   12069290               153            20     -133       -3780              2128
           273    2658409               153            24     -129       -1738              1137
           274    4711920               153            31     -122        -395               658
           275     865370               153            39     -114          31               903
           276    7480960               153            22     -131       -2544              1236
           277    6453968               153            29     -124        -668               433
           278   11776138               153            20     -133       -3789              1130
           279    4024057               153            39     -114          32               506
           280     746540               153            23     -130       -2091               837
           281   13491348               153            22     -131       -2565               828
           282    9731660               152            28     -124        -734              1026
           283    6535423               152            33     -119        -221               539
           284   10015265               152            27     -125        -958               711
           285   12555196               152            28     -124        -738              1119
           286     166990               152            37     -115         -21               606
           287    1242573               152            35     -117         -88               633
           288    6424941               152            28     -124        -749               700
           289   13659634               152            35     -117        -123               364
           290    4849823               152            30     -122        -486               644
           291   12629806               152            52     -100         245               441
           292    6505239               152            21     -131       -3105               724
           293    5078543               151            43     -108         141               404
           294   10222543               151            26     -125       -1168              1316
           295   12675874               151            31     -120        -375               999
           296     934687               151            42     -109         126               882
           297   10851275               151            31     -120        -365              1087
           298    7170358               151            34     -117        -150               534
           299    1464061               151            34     -117        -137               578
           300    7899061               151            30     -121        -454               845
           301    6977461               151            36     -115         -32               429
           302   12017134               151            33     -118        -228               517
           303    9338435               151            27     -124        -912               637
           304   13491536               150            42     -108         127               486
           305    8794486               150            34     -116        -127               652
           306    8736088               150            32     -118        -293               719
           307   12036667               150            46     -104         209               439
           308    2031834               150            25     -125       -1407              1053
           309    1922765               150            52      -98         264               380
           310   13039147               150            41     -109         104               473
           311   13235419               150            22     -128       -2533               992
           312    1648624               150            27     -123        -931               552
           313    5380972               149            26     -123       -1130              1372
           314    8140432               149            32     -117        -288               538
           315    3829461               149            19     -130       -4561              2048
           316    9891695               149            26     -123       -1145               828
           317   12248926               149            27     -122        -907               910
           318    1091390               149            26     -123       -1140              1040
           319    2795506               149            40     -109         103              1105
           320   11706030               149            25     -124       -1407               872
           321    5023184               149            19     -130       -4568               977
           322    5024671               149            20     -129       -3740               920
           323    9693135               149            48     -101         250               459
           324     581753               149            47     -102         240               627
           325     634539               149            42     -107         146               482
           326     969703               149            24     -125       -1711               729
           327    2980459               149            45     -104         203               363
           328    5572671               148            48     -100         264               553
           329    4447470               148            32     -116        -250               715
           330    9308643               148            45     -103         212               433
           331   10476158               148            37     -111          17               633
           332   11202602               148            32     -116        -254               856
           333   11011273               148            50      -98         276               391
           334    8360480               148            28     -120        -690              1121
           335    7297836               148            50      -98         282               338
           336    9457498               148            35     -113         -44               428
           337   10318924               148            21     -127       -3044              1877
           338    3414669               148            47     -101         256               451
           339     813880               148            27     -121        -909               577
           340   11788229               148            27     -121        -874               870
           341   13046665               148            35     -113         -36               654
           342   10579853               148            20     -128       -3717               910
           343   10099792               148            28     -120        -693               805
           344   10801873               148            24     -124       -1695               875
           345     799233               148            29     -119        -570               492
           346    3978719               148            22     -126       -2504               721
           347    8086929               148            28     -120        -702               680
           348   12995966               148            30     -118        -430               533
           349    2468788               147            26     -121       -1100              1190
           350    5660226               147            24     -123       -1659              1272
           351   10761065               147            25     -122       -1356               974
           352    8085036               147            29     -118        -524              1126
           353   12203369               147            23     -124       -2024              1274
           354    2840520               147            23     -124       -2026              1066
           355    9683503               147            22     -125       -2466              1202
           356     773954               147            34     -113         -95               395
           357    8542601               147            30     -117        -426               596
           358    4463879               147            46     -101         251               336
           359    1862434               147            26     -121       -1123               662
           360    3358870               147            25     -122       -1362               750
           361    4323104               147            34     -113         -86               456
           362    4101734               147            30     -117        -415               517
           363    8738144               146            42     -104         192               379
           364    8115288               146            42     -104         189               495
           365   11063113               146            30     -116        -398              1239
           366    6568216               146            30     -116        -399               789
           367    5054989               146            21     -125       -3018              1319
           368    6722165               146            27     -119        -857              1007
           369    6922052               146            45     -101         248               618
           370    8894253               146            25     -121       -1341              1179
           371    6880726               146            28     -118        -686               579
           372    6639896               146            32     -114        -229               489
           373    5231410               146            20     -126       -3688               908
           374    9424666               146            27     -119        -885               530
           375    6563944               146            27     -119        -866               657
           376   13163956               146            28     -118        -678               541
           377   10062121               146            28     -118        -645               623
           378    2295401               146            27     -119        -839               746
           379    9625704               145            37     -108          73               461
           380   12169351               145            33     -112        -137               695
           381   13458359               145            33     -112        -124               943
           382    3332484               145            27     -118        -826              1632
           383   12929157               145            22     -123       -2439              1510
           384   12637545               145            22     -123       -2448              1502
           385    9969692               145            33     -112        -127               646
           386    3437423               145            40     -105         164               409
           387     850749               145            46      -99         285               349
           388    4359941               145            46      -99         279               577
           389    7634095               145            28     -117        -670               677
           390   10272637               145            34     -111         -35              1017
           391    1502835               145            29     -116        -493               728
           392    8156850               145            38     -107         125               521
           393   13566595               145            42     -103         208               378
           394   10206442               145            60      -85         378               302
           395    7248794               145            36     -109          59               504
           396    3183171               145            33     -112        -119               625
           397    8346761               145            45     -100         272               413
           398   13149009               144            33     -111        -127               648
           399    1822010               144            49      -95         337               475
           400    5383568               144            26     -118       -1063              1000
           401   13120868               144            20     -124       -3652              1728
           402   11044805               144            23     -121       -1983              1085
           403   10762827               144            24     -120       -1616              1002
           404   11691208               144            22     -122       -2427               914
           405   11016824               144            24     -120       -1609              1174
           406    4517289               144            22     -122       -2472               610
           407    5016052               144            20     -124       -3670               971
           408    3234457               144            20     -124       -3722               699
           409    6872121               144            42     -102         235               556
           410    6354336               144            31     -113        -253               725
           411    7599636               144            43     -101         251               310
           412    7588114               144            17     -127       -6799              1293
           413     131737               143            44      -99         281               346
           414    4808180               143            30     -113        -346              1012
           415    9974429               143            28     -115        -636               778
           416    5490285               143            42     -101         236               438
           417    5882197               143            31     -112        -258               809
           418   12751751               143            28     -115        -635               656
           419    9386249               143            28     -115        -619               710
           420   11208733               143            32     -111        -175               523
           421    4921825               143            28     -115        -599               740
           422   11064177               143            23     -120       -1956               752
           423    7987482               143            16     -127       -8542              1304
           424   11151604               143            33     -110        -118               376
           425    9945717               143            27     -116        -787               848
           426    4753887               143            29     -114        -452               778
           427     257160               143            31     -112        -255               549
           428    7048619               143            27     -116        -830               544
           429    6953248               143            17     -126       -6796               822
           430    8233431               143            43     -100         269               281
           431     239806               142            22     -120       -2392              1727
           432    6632154               142            27     -115        -802               748
           433    8382816               142            24     -118       -1584              1026
           434    2699514               142            21     -121       -2949              1522
           435    6306647               142            25     -117       -1290               692
           436     102068               142            22     -120       -2394               903
           437    8456786               142            30     -112        -350               739
           438    4596262               142            25     -117       -1270              1217
           439    9477860               142            37     -105         122               341
           440    1783126               142            30     -112        -378               470
           441    2275911               142            19     -123       -4441              1082
           442    3936543               142            18     -124       -5455              1323
           443   10935129               142            22     -120       -2391              1571
           444    3646933               142            30     -112        -350               617
           445    3850817               142            20     -122       -3612               916
           446   11013929               142            54      -88         412               354
           447    3092815               142            43      -99         299               558
           448    1860982               142            33     -109         -87               415
           449    2268676               142            36     -106         114               581
           450    4901910               142            34     -108          -2               663
           451    1784073               141            21     -120       -2935              1152
           452   10263596               141            49      -92         389               277
           453    5570238               141            24     -117       -1557              1186
           454    5644017               141            21     -120       -2934               997
           455    8882255               141            40     -101         236               636
           456   11955484               141            24     -117       -1552              1151
           457    2850933               141            27     -114        -776               776
           458   12105080               141            24     -117       -1571               776
           459     471248               141            44      -97         325               384
           460    6269580               141            30     -111        -298              1035
           461    1293946               141            32     -109        -162               342
           462    5858883               141            20     -121       -3612              1158
           463   11731890               141            26     -115       -1012               700
           464    7719400               141            18     -123       -5437              1179
           465    7617876               141            37     -104         161               506
           466   11389780               141            29     -112        -428               689
           467    1503385               141            40     -101         230               313
           468     689225               140            32     -108        -115               840
           469    2526199               140            30     -110        -298               580
           470    3766688               140            40     -100         253               242
           471    9315732               140            25     -115       -1246               796
           472   11520814               140            22     -118       -2376              1133
           473    9738976               140            11     -129      -29191              1615
           474    1125251               140            28     -112        -596               729
           475    8041099               140            22     -118       -2350              1696
           476    2851955               140            30     -110        -294               640
           477    1447564               140            27     -113        -758               794
           478    6102629               140            21     -119       -2956               607
           479     104283               140            52      -88         435               350
           480    6189194               140            22     -118       -2386               904
           481    5755120               139            44      -95         345               281
           482    2380914               139            30     -109        -271              1391
           483    8283744               139            22     -117       -2358              1365
           484   11721204               139            21     -118       -2926               905
           485    6476519               139            19     -120       -4400              1359
           486    9600895               139            28     -111        -549               874
           487    6576341               139            26     -113        -986               671
           488    6795558               139            30     -109        -300               809
           489    2319621               139            31     -108        -184               837
           490    5238027               139            30     -109        -283               538
           491    1158410               139            26     -113       -1022               626
           492    6305099               139            20     -119       -3568              1093
           493    1938122               139            29     -110        -386               969
           494    5336568               139            25     -114       -1227               893
           495    8068019               139            29     -110        -391               847
           496    2893288               139            24     -115       -1528               997
           497    4216435               139            22     -117       -2376               741
           498   11196681               139            19     -120       -4397               858
           499    3051726               139            32     -107         -99               659
           500     250147               139            24     -115       -1575               493
           501    3218548               138            40      -98         270               294
           502    8169855               138            29     -109        -380              1312
           503   11343707               138            32     -106         -88               657
           504    7741716               138            27     -111        -735               751
           505    7411820               138            24     -114       -1522               929
           506   12300358               138            29     -109        -394               478
           507    8426744               138            34     -104          76               488
           508    2403426               138            20     -118       -3547              1046
           509    9147425               138            20     -118       -3557              1094
           510    8841281               138            29     -109        -408               496
           511    8725898               138            37     -101         209               637
           512    4899356               138            26     -112        -957               750
           513    8210896               138            22     -116       -2330               968
           514    8912720               138            34     -104          85               568
           515    6609264               137            27     -110        -696               933
           516   11843773               137            28     -109        -536               799
           517    6415132               137            22     -115       -2307              1076
           518    6388574               137            28     -109        -492               769
           519    7943099               137            30     -107        -260               720
           520    6003788               137            18     -119       -5383              1154
           521    2198854               137            25     -112       -1247               607
           522    6486996               137            19     -118       -4368              1093
           523    1672594               137            18     -119       -5376              1523
           524    1783956               137            20     -117       -3551              1225
           525   13316561               137            26     -111        -964               604
           526    7483890               137            26     -111        -952               871
           527    9134444               137            27     -110        -810               409
           528    2129620               137            23     -114       -1851               742
           529    7283332               137            17     -120       -6690               982
           530    9639727               137            36     -101         190               527
           531   11788401               137            21     -116       -2871               677
           532    5417754               137            39      -98         277               425
           533    5520576               137            33     -104          11               604
           534   12621161               137            46      -91         422               407
           535    9605283               137            22     -115       -2415               610
           536     509816               137            35     -102         163               592
           537    8890940               137            19     -118       -4360               734
           538     811427               137            45      -92         415               384
           539    2269569               137            32     -105         -49               556
           540    6051957               136            38      -98         269               452
           541    3090533               136            25     -111       -1188              1108
           542    3808824               136            29     -107        -367               590
           543    8744064               136            38      -98         274               348
           544     587808               136            24     -112       -1521               752
           545    7459416               136            27     -109        -719               508
           546    2572999               136            29     -107        -361               695
           547   13002384               136            24     -112       -1526               558
           548   13080812               136            23     -113       -1833              1075
           549    1706702               136            28     -108        -536               612
           550    7140362               136            25     -111       -1174               627
           551    1969242               136            23     -113       -1894               484
           552   11441644               136            26     -110        -949               532
           553    9322610               136            30     -106        -249               374
           554    2397923               136            34     -102         116               505
           555    6608535               136            51      -85         505               440
           556   11462600               136            27     -109        -699               663
           557    4576087               136            43      -93         401               305
           558   12515950               136            23     -113       -1824               810
           559    7053596               136            47      -89         472               333
           560    3870569               136            25     -111       -1190               612
           561    6019599               136            34     -102         106               588
           562   12398209               136            26     -110        -923               694
           563   11647755               136            22     -114       -2288               761
           564    6779401               136            23     -113       -1840               688
           565    8693252               136            30     -106        -238               389
           566    3072389               136            40      -96         337               492
           567    7857947               135            21     -114       -2828              1223
           568   12120479               135            27     -108        -655               468
           569    4183247               135            22     -113       -2276               868
           570    5007106               135            27     -108        -656               720
           571    6410157               135            19     -116       -4321              1154
           572    4944262               135            31     -104         -95               904
           573    1341896               135            46      -89         472               382
           574    8471580               135            22     -113       -2283               797
           575    1647272               135            25     -110       -1127              1275
           576   13608647               135            30     -105        -185              1053
           577   11130391               135            24     -111       -1463               724
           578   10449702               135            24     -111       -1494               696
           579    5999551               135            20     -115       -3477              1481
           580    8810744               135            32     -103         -13               744
           581    4838563               135            21     -114       -2828               799
           582   12865354               135            33     -102          53               737
           583    3144174               135            23     -112       -1816               879
           584    2715773               135            23     -112       -1847               594
           585   10091561               135            20     -115       -3498               780
           586    8268352               135            24     -111       -1503               583
           587    1425678               135            25     -110       -1226               414
           588   10047510               135            27     -108        -661               442
           589    6040369               135            37      -98         273               436
           590    7452949               135            29     -106        -298               549
           591    1868219               134            32     -102         -12               481
           592     657676               134            19     -115       -4280              2383
           593   11078591               134            23     -111       -1793               919
           594    9993404               134            30     -104        -221               350
           595   10491551               134            18     -116       -5301              1873
           596    7251705               134            46      -88         486               643
           597    8063411               134            34     -100         148               445
           598    3955749               134            33     -101         101              1347
           599    9289760               134            20     -114       -3524               677
           600    8708204               134            28     -106        -434               755
           601    4529787               134            20     -114       -3487               669
           602    8316946               134            25     -109       -1130               583
           603   11583021               134            22     -112       -2282               527
           604    2697635               134            34     -100         127               449
           605    5271961               134            43      -91         460               580
           606      84410               134            26     -108        -899               649
           607   11015496               134            33     -101          66               528
           608   10187361               134            30     -104        -164               721
           609    8837594               134            29     -105        -268               640
           610   13332980               134            33     -101          66               330
           611    6975392               134            34     -100         169               524
           612     985750               134            33     -101          88               429
           613   13715733               134            21     -113       -2827               728
           614    7736586               134            19     -115       -4375               612
           615    3245386               134            20     -114       -3533               541
           616    3666024               134            34     -100         157               410
           617    7225928               134            21     -113       -2830               540
           618    7689763               134            47      -87         524               275
           619    7350785               133            31     -102         -53               818
           620    2655698               133            26     -107        -888               698
           621   12154668               133            25     -108       -1123               569
           622    7594496               133            20     -113       -3520               899
           623    9738056               133            33     -100         114               586
           624    9377906               133            18     -115       -5274              1400
           625    6299425               133            22     -111       -2263               867
           626   13707061               133            26     -107        -876               660
           627    4810416               133            53      -80         589               381
           628    4867277               133            23     -110       -1816               650
           629    7036534               133            32     -101          22               419
           630    1742796               133            24     -109       -1403               714
           631    7938681               133            41      -92         435               508
           632   11370404               133            24     -109       -1383               829
           633    7903380               133            37      -96         322               395
           634    8170244               133            34      -99         199               695
           635    8668512               133            38      -95         357               306
           636    1713627               133            22     -111       -2182              1397
           637    3486995               133            27     -106        -595               589
           638    9422404               133            35      -98         271               554
           639    9221051               133            40      -93         413               583
           640    5483222               133            21     -112       -2774               719
           641    4764454               133            28     -105        -376               895
           642    6435505               133            15     -118      -10531               932
           643   11380201               133            26     -107        -886               712
           644    5210112               133            26     -107        -907               582
           645    3217749               133            19     -114       -4285               624
           646    3609906               133            26     -107        -933               432
           647   11499573               133            42      -91         463               298
           648    5371014               133            22     -111       -2220               469
           649     579225               132            39      -93         401               449
           650   11680030               132            35      -97         267               474
           651   13567623               132            29     -103        -229               722
           652    6688301               132            28     -104        -367               640
           653     391440               132            46      -86         542               382
           654    4399470               132            21     -111       -2730              1289
           655    2076644               132            30     -102        -130               510
           656    4787608               132            26     -106        -824               785
           657   11882341               132            27     -105        -574               712
           658    7821394               132            25     -107       -1117               553
           659   11396879               132            20     -112       -3432              1022
           660   10677432               132            41      -91         460               268
           661    7508360               132            31     -101         -30               458
           662    2509027               132            24     -108       -1356               678
           663   13066778               132            24     -108       -1404               510
           664    8426727               132            22     -110       -2235               673
           665    3937506               132            23     -109       -1707              1041
           666   10380431               132            24     -108       -1413               706
           667   11487689               132            26     -106        -809               822
           668    3730327               132            34      -98         224               590
           669    6182612               132            22     -110       -2223               687
           670    4253050               132            28     -104        -390               586
           671    2452123               132            15     -117      -10529               731
           672    5927536               132            31     -101          -4               442
           673    7167783               132            30     -102         -98               483
           674    9043785               132            30     -102        -156               310
           675   13606153               132            43      -89         517               295
           676    6971465               132            25     -107       -1057               677
           677    4599122               132            15     -117      -10506               550
           678    6019391               132            34      -98         200               403
           679   12669591               131            35      -96         274               425
           680   11995675               131            29     -102        -260               341
           681    6596282               131            17     -114       -6525              2200
           682    2379844               131            39      -92         440               598
           683    9753501               131            22     -109       -2145              1306
           684    4904211               131            19     -112       -4196               891
           685   12564436               131            22     -109       -2162              1017
           686    3880529               131            31     -100         -41               271
           687    8740419               131            18     -113       -5223               871
           688    1429883               131            33      -98         181               556
           689   11770271               131            25     -106       -1062               860
           690    9656186               131            33      -98         123               280
           691   11895628               131            18     -113       -5216              1281
           692    9361395               131            29     -102        -240               424
           693    6221490               131            32      -99          84               511
           694    1133516               131            27     -104        -593               523
           695    2077437               131            23     -108       -1710               720
           696    3988361               131            26     -105        -759               835
           697       9991               131            28     -103        -361               522
           698   11472473               131            18     -113       -5231               965
           699      25449               131            18     -113       -5212               927
           700   11467445               131            21     -110       -2705               722
           701    4358691               131            20     -111       -3419               754
           702   10260030               131            21     -110       -2710               923
           703    2632386               131            26     -105        -748               643
           704   12130158               131            18     -113       -5230               920
           705    3927147               131            29     -102        -180               667
           706    8345627               131            27     -104        -524               754
           707    1874524               131            21     -110       -2731               678
           708    7199561               131            31     -100          24               493
           709    4335098               131            18     -113       -5248               697
           710     990085               131            32      -99          97               368
           711    2955818               131            27     -104        -570               416
           712     395965               131            29     -102        -208               399
           713     406144               131            30     -101        -111               411
           714    1245724               130            32      -98         120               505
           715    8285378               130            28     -102        -327               826
           716   12712539               130            43      -87         567               383
           717      21780               130            36      -94         373               417
           718    4072474               130            24     -106       -1302              1233
           719    2685968               130            20     -110       -3339              1124
           720    3478498               130            35      -95         316               268
           721    4520608               130            28     -102        -386               311
           722    3444327               130            26     -104        -749               669
           723     976485               130            28     -102        -378               564
           724    3728019               130            25     -105        -999               673
           725    6510018               130            17     -113       -6483              1442
           726    1397447               130            34      -96         283               527
           727   11027930               130            26     -104        -808               584
           728    8931330               130            17     -113       -6485              1223
           729    6571422               130            34      -96         289               551
           730    9737076               130            22     -108       -2086              1549
           731    6073771               130            23     -107       -1737               528
           732    9291623               130            16     -114       -8240              1157
           733   10596173               130            19     -111       -4188               973
           734    3509005               130            18     -112       -5166              1265
           735   11411812               130            43      -87         576               294
           736    2952352               130            38      -92         449               299
           737    6344469               130            18     -112       -5169              1050
           738    5156997               130            24     -106       -1350               560
           739   10385651               130            23     -107       -1658              1013
           740    9782620               130            18     -112       -5162               848
           741   11849987               130            18     -112       -5183               973
           742    2420057               130            27     -103        -504               435
           743   11428558               130            19     -111       -4192               724
           744    8298423               130            22     -108       -2310               408
           745    7969179               130            21     -109       -2696               696
           746   13105952               130            20     -110       -3403               620
           747   12605497               130            20     -110       -3418               560
           748   12690907               130            34      -96         282               266
           749     636206               130            31      -99          66               441
           750    9695651               130            23     -107       -1840               386
           751    5481038               130            20     -110       -3394               657
           752    5588476               130            32      -98         141               424
           753    1433696               130            27     -103        -540               371
           754   11269239               129            25     -104        -976               719
           755    6830458               129            48      -81         681               298
           756    9622700               129            27     -102        -473               539
           757    1267647               129            28     -101        -268               920
           758    3040717               129            43      -86         604               426
           759    2208801               129            25     -104        -981               785
           760    6967526               129            23     -106       -1633               996
           761    1594974               129            20     -109       -3333               685
           762    7069433               129            28     -101        -279               635
           763    9990259               129            27     -102        -465               608
           764   10535537               129            20     -109       -3336               727
           765   10917883               129            28     -101        -327               453
           766   10814448               129            20     -109       -3319              1064
           767    3788772               129            32      -97         130               359
           768    6511959               129            20     -109       -3369               756
           769    3130258               129            23     -106       -1709               834
           770    6314658               129            23     -106       -1624               888
           771    5001251               129            24     -105       -1276               471
           772   10832345               129            24     -105       -1279               479
           773    5712434               129            18     -111       -5170               778
           774    9728608               129            30      -99          -8               600
           775    1290653               129            13     -116      -17067              1043
           776   11249458               129            22     -107       -2076               746
           777    7150427               129            23     -106       -1607               704
           778    3803677               129            19     -110       -4255               692
           779    2440090               129            18     -111       -5146               782
           780    3305779               129            25     -104        -979               716
           781    9524778               129            39      -90         525               343
           782   10870100               129            26     -103        -745               594
           783    9320498               129            22     -107       -2093               606
           784    1454352               129            28     -101        -243               705
           785     408222               129            19     -110       -4159               738
           786    2538282               129            23     -106       -1617               552
           787    2584088               129            26     -103        -717               478
           788    9116865               129            31      -98          89               336
           789   12619922               129            23     -106       -1681               566
           790   10499135               128            26     -102        -664               989
           791   13637563               128            30      -98         -16               542
           792    9277283               128            32      -96         207               743
           793   11342748               128            30      -98         -27               672
           794    5619654               128            30      -98         -29               344
           795    2227225               128            26     -102        -711               575
           796    2612731               128            25     -103        -918              1037
           797    4895726               128            18     -110       -5107              1438
           798   11808652               128            20     -108       -3266              1137
           799     500274               128            27     -101        -475               509
           800    7815137               128            26     -102        -714               699
           801    8135221               128            21     -107       -2676               689
           802   11505053               128            24     -104       -1229               864
           803    3172048               128            22     -106       -2030               769
           804   13660475               128            27     -101        -456               491
           805    1410714               128            22     -106       -2108               884
           806   12530533               128            21     -107       -2584               942
           807   11296668               128            28     -100        -208               826
           808    4882351               128            22     -106       -2130               467
           809    3508551               128            35      -93         408               498
           810   13259303               128            18     -110       -5117               789
           811     596415               128            21     -107       -2642               702
           812    2424602               128            26     -102        -679               466
           813   12343624               128            19     -109       -4094               869
           814    3745999               128            18     -110       -5105               848
           815   12304779               128            35      -93         422               499
           816    2634882               128            23     -105       -1594               763
           817     740183               128            21     -107       -2634               858
           818    3824259               128            25     -103       -1027               440
           819    3004300               128            30      -98           3               496
           820    8143029               128            24     -104       -1235               673
           821   10095171               128            35      -93         442               607
           822    7777100               128            27     -101        -473               350
           823   11035696               128            18     -110       -5179               703
           824   10252367               128            25     -103        -942               501
           825   12537528               128            24     -104       -1252               689
           826    7182010               128            24     -104       -1195               667
           827    8810443               128            24     -104       -1294               482
           828   11655654               128            32      -96         214               379
           829    4775284               128            19     -109       -4112               800
           830    3560594               128            33      -95         319               524
           831    1224157               128            30      -98           2               332
           832    7331556               128            30      -98          11               490
           833     769038               128            38      -90         548               301
           834      96145               128            26     -102        -729               402
           835     832205               127            24     -103       -1190               925
           836    5492909               127            24     -103       -1242               666
           837    9441118               127            24     -103       -1226               533
           838    7889002               127            28      -99        -236               678
           839   12460383               127            13     -114      -16991              2112
           840    3572607               127            25     -102        -908               631
           841    9514755               127            23     -104       -1549               908
           842    5014355               127            25     -102        -916               563
           843    2955806               127            20     -107       -3246              1049
           844    9290537               127            19     -108       -4095               843
           845    6282057               127            40      -87         613               328
           846    5145934               127            16     -111       -8117              1389
           847   11124262               127            21     -106       -2614               681
           848    8175108               127            26     -101        -678               519
           849    4004552               127            28      -99        -183               630
           850   10590428               127            23     -104       -1638               525
           851    2344650               127            22     -105       -1985              1018
           852   10898128               127            21     -106       -2535              1140
           853    4326566               127            24     -103       -1237               470
           854   13697333               127            20     -107       -3321               615
           855   12115946               127            30      -97          75               560
           856    2618186               127            28      -99        -250               432
           857     508737               127            21     -106       -2605               750
           858    2990579               127            30      -97          22               304
           859    3292817               127            24     -103       -1271               538
           860    9835674               127            26     -101        -657               381
           861    3881870               127            20     -107       -3278               723
           862    7036424               127            21     -106       -2564               784
           863   13659730               127            34      -93         413               368
           864   10659035               127            25     -102        -944               548
           865    1122115               127            21     -106       -2600               410
           866   12287851               127            36      -91         525               364
           867    3206448               127            24     -103       -1281               425
           868    9735122               127            27     -100        -385               495
           869     700529               127            35      -92         458               387
           870   10539140               127            35      -92         476               513
           871   10447246               127            23     -104       -1542               596
           872    8290022               127            37      -90         550               267
           873   12248322               127            36      -91         519               294
           874   11235872               127            32      -95         250               255
           875    2172662               127            22     -105       -2032               510
           876    7765894               127            30      -97          81               562
           877    8188613               127            32      -95         236               229
           878   11841679               126            35      -91         516               313
           879    5674740               126            28      -98        -154               406
           880   12605113               126            38      -88         608               261
           881    2574707               126            32      -94         253               256
           882   10532608               126            30      -96          43               436
           883    1706195               126            26     -100        -610               641
           884   11890810               126            26     -100        -581               899
           885    7431009               126            30      -96          94               495
           886    4962179               126            32      -94         276               415
           887     767860               126            26     -100        -587               692
           888   10034794               126            34      -92         425               333
           889    5800261               126            16     -110       -8073              1427
           890    9583892               126            27      -99        -361               675
           891   13566611               126            22     -104       -1962               975
           892     464294               126            23     -103       -1508               537
           893    7548048               126            23     -103       -1525               463
           894    7169167               126            23     -103       -1541               359
           895    3026506               126            24     -102       -1133               845
           896    7011580               126            20     -106       -3180              1166
           897   11641614               126            28      -98        -132               672
           898    5857436               126            19     -107       -4006               770
           899    8772248               126            23     -103       -1469              1051
           900   10116933               126            30      -96         104               415
           901    5787191               126            20     -106       -3216               788
           902    2235509               126            23     -103       -1512               584
           903    4608569               126            16     -110       -8067              1173
           904    3061623               126            20     -106       -3266               751
           905    6757536               126            35      -91         534               627
           906     356321               126            18     -108       -5077               738
           907    3866805               126            25     -101        -809               988
           908    8556261               126            28      -98        -163               424
           909    1675658               126            33      -93         357               314
           910   12262873               126            20     -106       -3172              1121
           911    4204636               126            17     -109       -6343               551
           912    3511630               126            26     -100        -571               604
           913   12253965               126            27      -99        -307              1093
           914   11012191               126            30      -96         124               453
           915   12393602               126            22     -104       -2150               312
           916   12896556               126            20     -106       -3210               444
           917     665405               126            26     -100        -614               455
           918   12474728               126            22     -104       -2048               560
           919   11546360               126            19     -107       -4018               750
           920   11414057               126            19     -107       -4050               454
           921    2325905               126            16     -110       -8099               878
           922   12014636               126            20     -106       -3180               493
           923    5182974               126            31      -95         209               415
           924    7454613               126            24     -102       -1140               594
           925    6884285               126            20     -106       -3326               565
           926    4036002               126            25     -101        -933               397
           927    9944882               125            33      -92         395               253
           928   11659910               125            42      -83         760               397
           929     996312               125            26      -99        -527              1265
           930   10535657               125            43      -82         777               323
           931    2658184               125            21     -104       -2473               665
           932    1928397               125            27      -98        -315               689
           933    2135951               125            38      -87         658               336
           934    8118071               125            22     -103       -1935               824
           935    8789330               125            19     -106       -4025               724
           936   10259888               125            34      -91         480               383
           937    7061204               125            22     -103       -1972               768
           938    7084073               125            34      -91         481               242
           939    4902525               125            19     -106       -3954              1461
           940    9413168               125            19     -106       -3962              1115
           941     292677               125            17     -108       -6286               908
           942    1464206               125            24     -101       -1063              1267
           943   10891976               125            19     -106       -3953              1242
           944    9854245               125            26      -99        -548               987
           945   11255820               125            24     -101       -1151               750
           946   12803450               125            25     -100        -835               588
           947     356373               125            19     -106       -3996               784
           948    3365189               125            19     -106       -3952               840
           949    1967658               125            22     -103       -1975               759
           950     813620               125            20     -105       -3205               633
           951    1892797               125            19     -106       -3968               724
           952    1189659               125            26      -99        -547               852
           953   12994913               125            18     -107       -5036               575
           954   13577331               125            16     -109       -8040              1000
           955    4680226               125            19     -106       -4112               524
           956    5849019               125            31      -94         230               381
           957    9562642               125            21     -104       -2544               643
           958    7290163               125            40      -85         728               353
           959     890273               125            21     -104       -2718               278
           960    1244577               125            19     -106       -3948               711
           961    3664185               125            26      -99        -573               377
           962    1220795               125            21     -104       -2458               463
           963   13301996               125            24     -101       -1147               399
           964     397582               125            18     -107       -4954               638
           965    7437741               125            24     -101       -1047               764
           966    5214505               125            18     -107       -5013               532
           967    4047855               125            21     -104       -2464               557
           968    1563838               124            50      -74         913               264
           969    4185804               124            26      -98        -490               660
           970   11996570               124            22     -102       -1941               625
           971   13321205               124            26      -98        -506               765
           972    4630214               124            21     -103       -2449               763
           973    3636331               124            28      -96         -70               400
           974    3057981               124            23     -101       -1473               549
           975    6461321               124            25      -99        -811               567
           976   12077016               124            27      -97        -287               462
           977   12673125               124            42      -82         795               290
           978    9734522               124            19     -105       -3935               779
           979   11044059               124            19     -105       -3920              1030
           980   10981971               124            35      -89         582               325
           981    8966626               124            17     -107       -6241              1258
           982    1317443               124            33      -91         461               480
           983     739196               124            23     -101       -1419               764
           984    1187512               124            24     -100       -1070               656
           985    3685474               124            42      -82         797               270
           986    6887457               124            19     -105       -4121               545
           987    6021265               124            36      -88         655               420
           988    1894177               124            15     -109      -10193               955
           989    7440739               124            36      -88         655               421
           990    8891041               124            21     -103       -2508               550
           991   11968750               124            35      -89         607               419
           992    9521931               124            21     -103       -2554               606
           993    4558383               124            20     -104       -3128               808
           994    1748681               124            25      -99        -741               576
           995    8178937               124            34      -90         526               401
           996    3829502               124            28      -96         -86               562
           997   12480811               124            33      -91         437               308
           998   10466891               124            36      -88         643               261
           999    1835531               124            43      -81         842               368
          1000    2522634               124            18     -106       -5147               517
