Top 30 DECREASE - baseline -> katz
==================================

 author_id  h_index_baseline  h_index_katz  delta_h  rank_baseline  rank_katz  delta_rank  num_publications
   2909828               288            54     -234              1         29         -28              2173
   9772016               245            37     -208              6        292        -286              2466
   5187963               234            39     -195             11        240        -229              1527
   3566237               235            41     -194             10        189        -179              1805
   2036634               252            59     -193              2         17         -15               927
   6795552               245            52     -193              7         40         -33              1273
  11384487               241            54     -187              9         31         -22              1653
  10683466               222            37     -185             15        296        -281              1024
  13091167               220            37     -183             17        293        -276              1337
   9516779               228            47     -181             14         77         -63              1307
   3905565               249            69     -180              4          6          -2              1253
  12709842               233            53     -180             12         36         -24              1288
   3118255               252            75     -177              3          3           0               584
   3078355               230            54     -176             13         30         -17              1202
   2986463               218            42     -176             18        163        -145              1599
   3546501               222            48     -174             16         67         -51              1350
    908173               202            28     -174             37       1005        -968              2535
   6990667               215            42     -173             20        164        -144              1341
  12452097               205            33     -172             32        496        -464              1157
   9642557               209            38     -171             28        262        -234              1728
   4498000               211            41     -170             23        191        -168              1065
  11922989               214            45     -169             21        114         -93              1322
   1127410               206            37     -169             31        299        -268              1004
   6558419               248            80     -168              5          1           4               849
  12239711               211            43     -168             26        143        -117               878
   7019150               216            49     -167             19         61         -42               783
  10928932               201            34     -167             39        418        -379              2036
  13391059               198            32     -166             44        577        -533              1825
   8784928               242            78     -164              8          2           6               735
   4013524               211            47     -164             27         79         -52               839
