Top 30 DECREASE - baseline -> pagerank
======================================

 author_id  h_index_baseline  h_index_pagerank  delta_h  rank_baseline  rank_pagerank  delta_rank  num_publications
  11384487               241                94     -147              9            885        -876              1653
   5187963               234               101     -133             11            638        -627              1527
   9772016               245               113     -132              6            374        -368              2466
  12064581               198                72     -126             47           2687       -2640               983
   1127410               206                81     -125             31           1679       -1648              1004
   1204811               183                62     -121             80           4702       -4622              1141
   3905565               249               130     -119              4            202        -198              1253
  13391059               198                79     -119             44           1835       -1791              1825
   9964935               205                90     -115             33           1076       -1043               885
  11922989               214               100     -114             21            663        -642              1322
  12452097               205                92     -113             32            983        -951              1157
   7703871               172                59     -113            112           5689       -5577               711
   8463126               170                57     -113            117           6323       -6206              2121
   8077292               190                79     -111             58           1855       -1797              1254
  13718786               194                84     -110             51           1422       -1371               734
  12943379               187                77     -110             69           2038       -1969              1525
   4801700               169                60     -109            123           5323       -5200              1358
   3566237               235               128     -107             10            219        -209              1805
   3829461               149                42     -107            315          17105      -16790              2048
   7811568               203                97     -106             35            773        -738               817
  13673999               187                81     -106             70           1669       -1599              1147
   7019150               216               112     -104             19            397        -378               783
  12611655               164                60     -104            161           5367       -5206               482
   4498000               211               108     -103             23            463        -440              1065
  12239711               211               108     -103             26            465        -439               878
   3063839               190                87     -103             57           1226       -1169              1271
  12709092               189                86     -103             61           1282       -1221              1597
   2049097               174                71     -103             99           2794       -2695              1853
    821788               173                70     -103            105           2994       -2889               721
   9553359               189                87     -102             62           1243       -1181               796
