# Credit Transfer Results
# Generated: 2025-10-26T10:39:29.293775
#
# Format: node_id node_type total_credit kudos
#
0 0 0.00000000 0.00000000
1 0 0.00000000 0.00000000
2 0 0.00000000 0.00000000
3 1 0.00000000 0.00000000
4 0 1.00000000 0.20000000
5 1 1.00000000 0.90000000
6 0 1.00000000 0.20000000
7 0 0.00000000 0.00000000
8 0 1.05000000 0.21000000
9 0 0.00000000 0.00000000
10 0 0.00000000 0.00000000
11 1 2.00000000 1.80000000
12 0 1.00000000 0.20000000
13 1 1.20000000 1.08000000
14 0 1.06666667 0.21333333
15 1 1.05000000 0.94500000
16 0 1.42000000 1.42000000
17 0 0.00000000 0.00000000
18 1 3.32000000 3.32000000
19 0 2.48444444 0.49688889
20 0 2.40000000 0.48000000
21 0 1.00000000 0.20000000
22 0 2.42000000 0.48400000
23 1 1.40000000 1.26000000
24 0 5.42255556 1.08451111
25 0 3.92000000 0.78400000
26 0 8.48837778 1.69767556
27 0 0.00000000 0.00000000
28 0 2.03500000 0.40700000
29 0 0.00000000 0.00000000
30 0 3.28444444 0.65688889
31 0 1.00000000 1.00000000
32 0 3.97100000 0.79420000
33 0 3.58840000 3.58840000
34 0 4.58840000 4.58840000
35 0 7.79070222 7.79070222
36 0 1.00000000 1.00000000
37 0 2.04533333 2.04533333
38 0 1.00000000 0.20000000
39 0 1.40000000 1.40000000
40 0 1.20000000 1.20000000
41 0 0.00000000 0.00000000
42 0 2.06666667 0.41333333
43 0 5.78044444 5.78044444
44 0 0.00000000 0.00000000
45 0 3.31377778 3.31377778
46 1 2.04533333 2.04533333
47 0 2.82666667 2.82666667
48 0 9.97411111 9.97411111
49 0 0.00000000 0.00000000
