# Credit Transfer Results
# Generated: 2025-10-26T10:51:05.646834
#
# Format: node_id node_type total_credit kudos
#
0 1 0.00000000 0.00000000
1 3 0.00000000 0.00000000
2 4 0.00000000 0.00000000
3 5 0.00000000 0.00000000
4 3 0.00000000 0.00000000
5 0 0.00000000 0.00000000
6 2 1.00000000 0.70000000
7 1 0.00000000 0.00000000
8 0 0.00000000 0.00000000
9 4 0.00000000 0.00000000
10 0 0.00000000 0.00000000
11 5 2.00000000 0.80000000
12 1 2.00000000 2.00000000
13 2 0.00000000 0.00000000
14 2 1.00000000 0.70000000
15 4 2.07500000 0.62250000
16 2 0.00000000 0.00000000
17 2 1.30000000 0.91000000
18 0 0.00000000 0.00000000
19 1 1.00000000 0.90000000
20 0 0.00000000 0.00000000
21 3 1.00000000 0.85000000
22 1 0.00000000 0.00000000
23 2 3.05000000 3.05000000
24 0 1.07500000 0.21500000
25 0 1.07800000 0.21560000
26 3 0.00000000 0.00000000
27 0 1.05000000 0.21000000
28 0 2.30000000 0.46000000
29 0 4.07800000 4.07800000
30 5 3.72625000 1.49050000
31 3 1.00000000 1.00000000
32 0 0.00000000 0.00000000
33 0 4.35800000 0.87160000
34 0 0.00000000 0.00000000
35 3 5.11787500 4.35019375
36 2 0.00000000 0.00000000
37 0 3.16213333 3.16213333
38 0 2.61333333 0.52266667
39 0 1.07500000 0.21500000
40 2 1.05000000 1.05000000
41 3 3.16213333 3.16213333
42 0 1.05000000 1.05000000
43 0 4.61333333 4.61333333
44 0 5.78000000 1.15600000
45 5 11.10434167 11.10434167
46 0 2.30000000 2.30000000
47 3 0.00000000 0.00000000
48 2 3.09066667 3.09066667
49 0 3.84568125 3.84568125
50 0 4.44213333 4.44213333
51 0 2.00000000 2.00000000
52 2 3.36546667 2.35582667
53 3 3.71746667 3.15984667
54 2 2.50482000 2.50482000
55 1 4.61333333 4.61333333
56 0 3.86000000 3.86000000
57 5 6.78869000 6.78869000
58 3 2.30000000 2.30000000
59 0 2.28000000 2.28000000
