# Credit Transfer Results
# Generated: 2025-10-26T10:52:58.905496
#
# Format: node_id node_type total_credit kudos
#
0 0 0.00000000 0.00000000
1 5 0.00000000 0.00000000
2 0 0.00000000 0.00000000
3 2 0.00000000 0.00000000
4 1 0.00000000 0.00000000
5 1 0.00000000 0.00000000
6 0 0.00000000 0.00000000
7 4 1.00000000 0.30000000
8 0 0.00000000 0.00000000
9 0 0.00000000 0.00000000
10 5 0.00000000 0.00000000
11 4 0.00000000 0.00000000
12 0 1.23333333 0.24666667
13 1 1.00000000 0.90000000
14 0 2.00000000 0.40000000
15 0 3.03666667 3.03666667
16 4 0.00000000 0.00000000
17 1 1.05000000 1.05000000
18 2 1.00000000 1.00000000
19 5 0.00000000 0.00000000
20 0 6.03333333 6.03333333
21 0 0.00000000 0.00000000
22 0 1.23333333 0.24666667
23 3 0.00000000 0.00000000
24 5 1.00000000 1.00000000
25 1 2.49333333 2.49333333
26 0 1.49333333 1.49333333
27 1 1.00000000 1.00000000
28 4 2.80000000 2.80000000
29 2 2.00000000 2.00000000
