# Node to Authors Mapping
# Format: node_id author_id1 author_id2 ...
#
0 6 35 34 5
1 40 8
2 11 4 31
3 17 49
4 28
5 46
6 44
7 17
8 48 47 39 38 8
9 45 2 36 1
10 20
11 10
12 30
13 43 27
14 13
15 18
16 38
17 42 16
18 19
19 9 25
20 7 24
21 15
22 25
23 9
24 10
25 41 10 32
26 31
27 19 34 35
28 14 44
29 33 1 38
30 6 3 49
31 22
32 8
33 26
34 21
35 2 32 27
36 45
37 35
38 14
39 5
40 15 4
41 22 23 25 26
42 31 23 37
43 13
44 47
45 39 45 0 25
46 24
47 29 12
48 31
49 2
50 37
51 12 3 28 22 0
52 42
53 49
54 11 12 48
55 43 46
56 23
57 46 5 7 20
58 33 29 16 0
59 32
60 33 8
61 26 3 34 24
62 1
63 47
64 17 34
65 40
66 33 49
67 36 20
68 7 21 47
69 1 16 23
70 33
71 21 30
72 11 22 46 6
73 48 27 46
74 26
75 30
76 37 11
77 35 15
78 44
79 36 1
80 9 38 16
81 3
82 37
83 5
84 22
85 28 4 7 14
86 36
87 24
88 48
89 32
90 7
91 13 42
92 25 9
93 39 9 41
94 21 19 16
95 39 24
96 26
97 14 21 18
98 17 40 45
99 21 6 20 10
