# Edgelist: one 'source target' per line
# Directed edges: source -> target
1 0
2 0
3 0
3 1
3 2
4 0
4 1
4 2
4 3
5 0
6 0
6 1
7 0
7 1
7 2
7 3
7 4
7 5
7 6
8 0
8 1
8 2
8 4
8 5
8 6
8 7
9 0
9 1
9 2
9 5
10 0
11 0
11 1
11 2
11 3
11 5
11 6
11 8
11 9
11 10
12 11
12 5
12 6
13 0
13 1
13 2
13 3
13 5
13 6
13 10
13 11
13 12
14 0
14 9
14 2
14 4
15 0
15 1
15 2
15 4
15 5
15 6
15 7
15 9
15 11
15 12
16 0
16 1
16 2
16 5
16 6
16 8
16 12
16 13
16 15
17 0
17 2
17 5
17 8
17 9
17 11
17 12
17 14
17 15
17 16
18 0
18 1
18 2
18 3
18 5
18 9
18 12
18 14
18 15
18 17
19 0
19 1
19 2
19 3
19 5
19 7
19 9
19 10
19 15
19 18
20 2
20 3
20 4
20 5
20 6
20 7
20 14
20 15
20 18
20 19
21 2
22 2
22 5
22 7
22 12
22 18
23 0
23 2
23 6
23 8
23 13
23 17
23 19
23 22
24 1
25 2
25 4
25 8
25 9
25 15
25 19
25 20
25 22
25 24
26 24
26 8
26 11
26 22
27 0
27 1
27 2
27 3
27 6
27 8
27 9
27 12
27 13
27 24
28 0
28 3
28 4
28 5
28 8
28 11
28 21
28 22
28 27
29 0
29 2
29 3
29 7
29 9
29 12
29 14
29 23
29 26
29 28
30 1
30 5
30 7
30 11
30 21
31 0
31 2
31 3
31 4
31 5
31 8
31 9
31 11
31 15
31 25
32 0
32 6
32 17
32 23
32 30
33 0
33 1
33 2
33 4
33 10
33 14
33 26
33 29
33 30
33 31
34 33
34 2
34 3
34 5
34 15
34 17
34 18
34 20
34 23
34 26
35 12
35 4
36 0
36 32
36 7
36 9
36 14
36 19
37 0
37 3
37 4
37 5
37 6
37 8
37 20
37 26
38 0
38 12
38 18
38 20
38 25
38 27
39 0
39 2
39 3
39 15
40 5
40 6
40 39
40 13
40 27
41 0
41 32
41 3
41 5
41 39
41 8
41 9
41 11
41 19
41 24
42 1
42 3
42 6
42 40
42 8
42 20
42 21
42 27
42 29
42 31
43 2
43 37
43 40
43 10
43 12
43 13
43 15
43 20
43 27
43 29
44 32
44 37
44 38
44 43
44 28
44 29
45 34
45 5
45 6
45 7
45 11
45 13
45 16
45 17
45 22
45 29
46 33
46 3
46 36
46 8
46 10
46 43
46 16
46 19
46 26
46 29
47 26
47 21
47 22
48 0
48 1
48 2
48 4
48 8
48 10
48 47
48 15
48 21
48 28
49 0
49 2
49 4
49 5
49 38
49 7
49 41
49 10
49 45
49 29
50 26
50 4
50 45
50 6
51 0
51 33
51 4
51 38
51 8
51 43
51 44
51 13
51 14
51 48
52 0
52 33
52 2
52 34
52 5
52 47
52 49
52 17
52 51
52 18
53 0
53 3
53 4
53 37
53 10
53 13
53 46
53 48
53 50
53 52
54 3
54 38
54 40
54 41
54 11
54 13
55 39
56 0
56 35
56 3
56 5
56 40
56 8
56 13
56 24
56 26
56 31
57 2
57 3
57 35
57 4
57 40
57 41
57 43
57 45
57 16
57 21
58 45
59 2
59 28
60 0
60 2
60 4
60 8
60 15
60 48
60 21
60 53
60 29
60 30
61 0
61 3
61 28
62 0
62 35
62 4
62 7
62 10
62 48
62 27
62 29
63 26
64 0
64 3
64 5
64 6
64 10
64 43
64 45
64 27
65 0
65 2
65 5
65 20
65 31
66 1
66 2
66 36
66 31
67 0
67 6
67 41
67 42
67 44
67 13
67 49
67 23
67 55
67 31
68 3
68 60
68 46
68 6
69 0
69 65
69 35
69 4
69 5
69 6
69 40
69 50
69 21
69 57
70 0
70 33
70 2
70 1
70 11
70 15
70 17
70 18
70 19
70 24
71 5
71 6
71 70
71 7
71 9
71 13
71 15
71 18
71 52
71 58
72 26
72 3
72 42
73 0
73 21
73 38
74 25
75 65
75 68
75 39
75 72
75 45
75 14
75 50
75 51
75 52
75 25
77 32
77 0
77 67
77 4
77 6
77 42
77 46
79 0
79 65
79 2
79 9
79 10
79 21
79 56
79 24
79 61
79 31
80 72
80 43
80 76
80 21
81 0
81 5
81 6
81 8
81 72
81 42
81 78
81 17
81 19
81 20
82 72
82 26
82 77
82 15
83 33
83 67
83 69
83 70
83 6
83 71
83 9
83 12
83 22
83 24
84 0
84 1
84 2
84 67
84 74
84 43
84 13
84 49
84 23
84 61
85 49
86 0
86 1
86 2
86 6
86 71
86 9
86 52
86 21
86 23
86 55
87 0
87 33
87 2
87 3
87 4
87 7
87 73
87 18
87 54
87 24
88 0
88 64
88 3
88 71
88 43
88 79
88 15
88 86
89 0
89 65
89 35
89 8
89 74
89 10
89 45
89 46
89 18
89 56
90 2
90 66
90 5
90 82
90 19
90 87
92 0
92 32
92 2
92 50
92 82
92 56
92 26
93 2
93 71
93 72
93 11
93 48
93 88
93 62
94 0
94 2
94 41
94 12
94 19
94 87
94 23
94 56
94 60
95 0
95 2
95 67
95 5
95 80
95 49
95 50
95 87
95 60
95 94
96 73
96 10
96 5
96 9
97 0
97 33
97 5
97 40
97 72
97 11
97 12
97 19
97 20
97 87
98 32
98 0
98 10
98 81
98 94
99 40
99 75
99 12
99 46
99 16
