# Node to Authors Mapping
# Format: node_id author_id1 author_id2 ...
#
0 84 160 289 119 88 144
1 45 190 228
2 159 163
3 94 127
4 201
5 101 279 16
6 111 168
7 138
8 227 164
9 158
10 101 237 55
11 211 41 271 233 182
12 83 284 47 226
13 286
14 241 230 238 146 11 57
15 116 181 165 129 68 214 272 231
16 176 128
17 95
18 150
19 87
20 84 132
21 10 268 80 37 299
22 37 90
23 200
24 116 171
25 206
26 104 1
27 167 217
28 296 210
29 172
30 34 242
31 63
32 29 82 169 174
33 142 148 82
34 203 23
35 38 148
36 280
37 35 130
38 167 222
39 192
40 49 139
41 201 215 196 183 247 198
42 191 44
43 210
44 177
45 25 208 73 28 93 71 7 117 6 0
46 96
47 225
48 62 41 238
49 115
50 262 256
51 282 105 118 70
52 33 106 3
53 229 114 93 288 181 75
54 119 199 223 127
55 92
56 206 187 243
57 173 220 120
58 246
59 226 224 170
60 204 23
61 69 26
62 270 79
63 42
64 154 31 57 123 160 53
65 1 15 134 17
66 232
67 249
68 52
69 227
70 227 277
71 151
72 143 43
73 67 298 2 48
74 30
75 164
76 207 179 295
77 89
78 166
79 39
80 2
81 50
82 233 85 99
83 60
84 253 120 51
85 7 212
86 31 240 50 251 117 223
87 74 293
88 29 131 279
89 11 239
90 78
91 209 133 200 236 283
92 163 113 270 250 20 216 162 27
93 89
94 21 150 64
95 65 32
96 220 121 5 130 77
97 290 49
98 78
99 293 246 55
100 244
101 276
102 142 294 253
103 269
104 238 162 125 248
105 183 99 152 72 188 48 39
106 257 10 224 15
107 61 97 214 86 155
108 145 193 19
109 211 103 265
110 262
111 247
112 285 215 155
113 118 106 287
114 267 141
115 47 106
116 184 245
117 120
118 4
119 272 267 45 153 9
120 254 292
121 9
122 108 151
123 5 202
124 152
125 263
126 108 54 145
127 281 197
128 252
129 102 257
130 235 217 194
131 110
132 271
133 189
134 83 213 187 156 180
135 143 231 158 149 218
136 135 42 153 176 35 20 48 175 56
137 117 278 258 76
138 197
139 268 14
140 124 274 290 51
141 140
142 172
143 274
144 28 22
145 254 255 136 91
146 250
147 112
148 181 17 53 66 122 109
149 14
150 12 263 214 298
151 113 260 219 205
152 57 291 137 240 115
153 139
154 96 217 148
155 280 234 274 177 111
156 236 233 184 60 253
157 299
158 33 8 52
159 264 25 273
160 180 46
161 100
162 58 81
163 59 199 22
164 30
165 187
166 173
167 192 280 178 157
168 63 40
169 18
170 275 229 284 133
171 297 281
172 19 186 28 40 62 110 182 103 137
173 29 238
174 147
175 221 158
176 203 207 68 243 136 58 195 183 54 261
177 251 258 298
178 110 62 89
179 237 109 75 8 185
180 266 137
181 286
182 3 80
183 162 129
184 84 103
185 13
186 269
187 96 44
188 161 126 259
189 43
190 171 260 256
191 230 26
192 51 147 249 71 215
193 293 74 278 102
194 53 223
195 121
196 247 267 286 121 159 169 191
197 298 235
198 105
199 66 215 149
200 178 159 87
201 90 78
202 259
203 241
204 143 66 107
205 179
206 255 161 217 198 98 224
207 101 285 124
208 258 34 291
209 155 270 146 136
210 152 129 48
211 175
212 67
213 128 36
214 245 174
215 164 83
216 97
217 168
218 14 279 16
219 296
220 179 230 32 212 273
221 170 97 138
222 76 221
223 70
224 13
225 64 211 124
226 225 228 80 276 89
227 64 116
228 118
229 178
230 222
231 8 27 127 126
232 137
233 26 260
234 24 64 0 21 192 72 98
235 189 27 231
236 176 202 153
237 227 131
238 189 288 81 248 139 196 270 234 268 3
239 254 59
240 252
241 68 42 261 36 26 86 95 76
242 293 65 236 12
243 287 37
244 285
245 193 151 143
246 24
247 27
248 78
249 212 206
250 106 104 18
251 123 180 148
252 93 265 194
253 141 288 265 264 108
254 129
255 241 157 79 161
256 36 252
257 6
258 6 47 59
259 162 132 209
260 9 98 102 128
261 127 190 156
262 123 4 90 45 80 112 206 100
263 56 283
264 127 23 221
265 115
266 223 292 201 88 87
267 198 186
268 12 153 297
269 150 157
270 245
271 204 37 154
272 122 18
273 144 259 266
274 115 160 14
275 66 42 166 1 216 141
276 82 59
277 67
278 199 158 299
279 104 47 188 197
280 219 264
281 114
282 109 74 297 239
283 5
284 10 44 229
285 85 200
286 289 43 295
287 174 33
288 45 182
289 244 141 138 72
290 111
291 46
292 178
293 86 105
294 140
295 216 3 94 264 168
296 85 88 265 172 190
297 131
298 34 79
299 250 82
300 270 202
301 45
302 275 172 184 236
303 21 275 220
304 20
305 72 213 22
306 103
307 136 132 99 147
308 292 0 225
309 92
310 136 92 107
311 168
312 40 248
313 201 196
314 281 149 233
315 82
316 204
317 134 246
318 250 296 200 165
319 19
320 201
321 56 156
322 122 75 275
323 115 125 255
324 4 15
325 224 61 77 73 49 193 113 234 173
326 148
327 135 205 93 199
328 195 94 203
329 125
330 64 127
331 91 196
332 125 175
333 166 24 178 153 65
334 98 77 155
335 68 193
336 213 249 212 237 266 2
337 80 145
338 35 232 124
339 251 234 201
340 31 246
341 205
342 57 32 91 49
343 63 15 221 262 219
344 226
345 151 38 169 183
346 298
347 236 60 170 2 10 102 148 185
348 234 176 242
349 29 195 177
350 248 254
351 26 108 15 207 164 219 174
352 140 36 261
353 146 70 119
354 142 191
355 173
356 13
357 205 140 259 107 241
358 287
359 71 211
360 147 275 272 245 222 214
361 235 203 92
362 130 173 278
363 249 296 207
364 53 228
365 208 46 294
366 255 140
367 147
368 157 228 128
369 77
370 167 81 226 0
371 211
372 165 58 198 39 44
373 122 154 182
374 18
375 28 49
376 230 289 128
377 293 242 243 187 158
378 244 278 178 114 218 54 291
379 19 163 233
380 222 121 17 90 93
381 294 62
382 104 33 235
383 195 156
384 275 188
385 131 163
386 203 93 171 204
387 43 158
388 258 66
389 129 100 120 249
390 154 32
391 95
392 131 81
393 196
394 284 29 74
395 8 185 287 210 26 235
396 142 234 73
397 1 146
398 192 16
399 114 144 50
400 253 240 59
401 49 252
402 290
403 140 277
404 260
405 283 84 209
406 70 200
407 98 118
408 53
409 5 246 276 149
410 49 157
411 273 280 290 49 41 126
412 220
413 21 52 126 293 97 191
414 281 7
415 91
416 145 216
417 141 273
418 202
419 159
420 279
421 40 13
422 95 55
423 37
424 52 135 237 23 22 94 124
425 8 67
426 171
427 161 203
428 92 76 119 0 54 38
429 20 155 281
430 108 61
431 17 252 31 194 147 299 117 288 123
432 232 65 117 243
433 175 163 157 256 297
434 61
435 296 217 286 106 193
436 197 208 259 226 96 135 35
437 177 116
438 133
439 86 106
440 132 27
441 295 94 187 68
442 180
443 272 206
444 28 227
445 10 216 132
446 276
447 263
448 9 59 88 17 196 133 122
449 113 67
450 75
451 160
452 261 279 255
453 107 111 175 251
454 11 244 199
455 269
456 3
457 256
458 258
459 144 84 218 162 24
460 6
461 47 159
462 50
463 185 162
464 262
465 284 55 151 283 112
466 31 185 216 60 208
467 257 279
468 223 182 69
469 89 252
470 110 118 62 269 34
471 99 241 154 48 96
472 204 170 81
473 284
474 101 274 41 182
475 239
476 34 291 191 161
477 265 119
478 75 217 158 49
479 186 264
480 261
481 281 144
482 150 165
483 289 290
484 218 110 209 194 98
485 87 58 240 247 73
486 128 212 189
487 4
488 46
489 190
490 169 51 285
491 184 205
492 23
493 63
494 196
495 90 30
496 122 214 282
497 123
498 138 171 233 104
499 295
500 231
501 270 1 158
502 129 130
503 297 240 216
504 13
505 212 283
506 75 233 50
507 78 35 119 16 98 194
508 191 291
509 125 263
510 252 169 27 286
511 134 34
512 282 73
513 87
514 89 101 241
515 238 276 39 101
516 120
517 146 99 43
518 208
519 123
520 291 24 237 74
521 61 37 181 260
522 103
523 74 42 168
524 267 30 16
525 171 66 283
526 288 56 257 171
527 211 107
528 221 204 30 298
529 181
530 254
531 21
532 210 21 108 142 238
533 136 189 188
534 255
535 100 203 230
536 195 38 61
537 277 222 96 197 210
538 74 242 281 266 219 48
539 12 190
540 88
541 228 168
542 91 178
543 177
544 268 31 12 63
545 24
546 26 69
547 77 299 232
548 7 16 216 56 127 54
549 82 198 116 214 230
550 113 222 112
551 70
552 149 225 67
553 86 14 283 146 18
554 172 15 137
555 83
556 1 30
557 243 260
558 218 186 228 241
559 69 275 108
560 258 133
561 34 256
562 295
563 162 117
564 271 174 250 155
565 267
566 239 234
567 44
568 176
569 174 21 272
570 248
571 45 34 95
572 9 71 127 214 87 134 100
573 246 209 16
574 296 91
575 212 198 111 83 277 36 130 231
576 281 158
577 112 164
578 238
579 232
580 164 282 7 3 23
581 127 282
582 160 89 154 225 167
583 256 83 143 293 290
584 85 179
585 221 7
586 181 295
587 183 206 184 90
588 15 152
589 156
590 222 146 142 285
591 274 268 10 116 269
592 58 179
593 170 217 285 76 229 192
594 139
595 204 36 93 64 160 101
596 134 267 160
597 95
598 207 168 126 214 91 215
599 69 200 266
600 248 13 2 30
601 157
602 111 191 117 9
603 113 5 47
604 105 227
605 242
606 287 265 194
607 220 19 284 163 148 81 1
608 25 292
609 92 155
610 105
611 122 178
612 216 41 152 21
613 174 224 27 59
614 150
615 189 156
616 274 254
617 265 194
618 172 52 40
619 284 176 242 49
620 28 237 130 118 276
621 231 240 60 55
622 11
623 53 213 215 160
624 18
625 225
626 206 101 90 126 245 281
627 25 281 24 46
628 279 289
629 262 202 79 282
630 207 11
631 196 80
632 7 165 24
633 26 127 129 166 11 60 59
634 5
635 292 212 121
636 124 111
637 22
638 74
639 45
640 287
641 141
642 231
643 70 118
644 244 56 246 119
645 79
646 176 39 48
647 192 167 168
648 161 270 138
649 233 265 224
650 94 139
651 153
652 92 120 66 99
653 41 133 92
654 163 236 45
655 126 229 67
656 155 91 17
657 92 61 104 53 87
658 180
659 271 299 215
660 86 218 87
661 2
662 63 138 182
663 135 51
664 219 23 62 121
665 105
666 153
667 130 265 113 91
668 244 179 268
669 6 263 255 14 37 169 12 122 293 51
670 250 59 161
671 199
672 264 175 276
673 166 114
674 169 81
675 71
676 125 35
677 152 244 265
678 204 109 115
679 24
680 70 20 72 185 11
681 292
682 247 103
683 270 114
684 113
685 52 41
686 181 26 248
687 191 209 17
688 24 259 297 138
689 25
690 201
691 39
692 46
693 16 193
694 155 172
695 156
696 190 143
697 116 19 149 72
698 99 28 179 152
699 211
700 273 159 208 163
701 83 217 264 85 132 89 190
702 105
703 234
704 299 42 116 193
705 217 227 18 165 72
706 14 43 32
707 155 64
708 109
709 102
710 169
711 74 5
712 68
713 198 205 251 212 294
714 14 119 256
715 272 225 202
716 274
717 234 100 147
718 194 139
719 123
720 69 112
721 142 224 77
722 128 131 20
723 176 148 262
724 47 42
725 121
726 88 98
727 147 280 141
728 217 255 292
729 260
730 13
731 171 94
732 134 6 186 131
733 292 163
734 248
735 107 289
736 4 144
737 166
738 48 251
739 72 235 197 90
740 62
741 172 279 189
742 109 242 275 231
743 11
744 62 148 213
745 65 298 61
746 286 271 135
747 42 245 29
748 183 99 40 244 140 223 4 23
749 10 8 213
750 110
751 255 104 121
752 56 2 274 154 104 250 7
753 94
754 12 187
755 126
756 9
757 234
758 87 223 70 258
759 45
760 16
761 59 27
762 229
763 63 83 3
764 137 147
765 273
766 38 8 180 66 257 143
767 112 285 205
768 106 282 102 254 124
769 163 99 19
770 38 107
771 54
772 76 85
773 27
774 103 203
775 152
776 198 12 149 297 108
777 50
778 220
779 148 273 22
780 174
781 40 290
782 152 278
783 219
784 132 75 73
785 256 276 275 237
786 174 3
787 172
788 64 223 170 280
789 162 95
790 23 177
791 255 248
792 270 112 126
793 178 253
794 288
795 31 252 144 79 24
796 13 241 236
797 288 161
798 173 166 257
799 46
800 263
801 116 253 17 146
802 61 135 136
803 194 35 179
804 87 32 195
805 236
806 151 46 18
807 220 145 231 147
808 27
809 232 43 198
810 47 44 143 197
811 73 219
812 224
813 261
814 153
815 146 13 92
816 284 73 6
817 151
818 69
819 175
820 219 27 291
821 269
822 45
823 177 139 235 114 296 285
824 267
825 267 143 166 262 243
826 29
827 11
828 33
829 112 57 262
830 160
831 4 40
832 97 199 157 100
833 51 79 287
834 19 171 79
835 239 222
836 186 2 120
837 40 6
838 260
839 72 12 145 116
840 209 46 296
841 273 145 89 201
842 274 259 142 58
843 149
844 233 60
845 216 221 195 110 239
846 183 249
847 25
848 124
849 85
850 136 220
851 204 249
852 244
853 150 159
854 264
855 23 71
856 87 43 6 88
857 81 1
858 181 28
859 200
860 150 290
861 120 137 233
862 234 292 196 187
863 162
864 145 262
865 68 207
866 135 84
867 290 106 260 184 211
868 40 285 170
869 208
870 77
871 67 65 47
872 79
873 123 186 155
874 15 210 38
875 236 266
876 295
877 154
878 41 132 165
879 276
880 158 229
881 194 197 225 17 115 289
882 168 54 97 220
883 238
884 141 267 6 181 70 20
885 145 224 166
886 189 131
887 168 269 130 96 293 205 129
888 210 195
889 127 276 153 65
890 10 223 39 35
891 291
892 180
893 257 113 199
894 30
895 298 245
896 245
897 86 295 96
898 110 299
899 45 268 125 0 87
900 186 231 153 57
901 128 76
902 153 210
903 216 261
904 274
905 97 183
906 81 144 230 212 254
907 105
908 172 15 11
909 151 103
910 108
911 161 145 90
912 216
913 242 86 35 42 66
914 74 187 77
915 186 57 40 125
916 73 191
917 146 63
918 224 206 240 146
919 229 204 197 277
920 130 114
921 44 152 295
922 137 81 278
923 200 92 159 165 184 250 89 77
924 221 67 0 205 49
925 246 173
926 152 246 196
927 20 114 68
928 33
929 101 188 112 60 98
930 221
931 248
932 225 150
933 48
934 251 192
935 144
936 282
937 40 83
938 217 2 99
939 22 160 39 161 74 44 85
940 84
941 162 55
942 260 26 278 266
943 189 32
944 256 283 83
945 132
946 219
947 236 272
948 141 274 135 273
949 73
950 189 206 34
951 186 211 29 125
952 263 220
953 185 218
954 55 167 84 176 38 70 247 122
955 151 248
956 128 61 106 269 240 112 40
957 229 209 20 195 89
958 116 62
959 165 28 110
960 119 138 124 71
961 189
962 26
963 164
964 2 217 121 86 135 22
965 53
966 155
967 273
968 226 82 297 72
969 258 120
970 13
971 69 111 85
972 15
973 192
974 57
975 51 299 155 97
976 79 8
977 293 196
978 285 161 97 279
979 138 86 107 203 50
980 183
981 213 5 119 128
982 2 22 137 73 78 168
983 186
984 55 147 196 164 139 294
985 233 160
986 212 21 123
987 294 151 43 202
988 292 234 294
989 36 210
990 232 88
991 54 15 259
992 133 278 134 91
993 80 222
994 261
995 228 123 69
996 198
997 41 114
998 144 167
999 240
