Top-1000 authors by citation h-index vs. kudos-based ranking
============================================================

 citation_rank  author_id  author_name  citation_h_index  kudos_h_index  kudos_rank
             1      29916 Author_29916                28             24           1
             2      12371 Author_12371                25             20           3
             3       4808 Author_04808                25             21           2
             4      25383 Author_25383                24             20           4
             5      24980 Author_24980                23             19           5
             6      20586 Author_20586                22             17          10
             7      17369 Author_17369                22             17          14
             8      15630 Author_15630                22             17          16
             9       4451 Author_04451                22             18           9
            10      10599 Author_10599                22             17          20
            11      20711 Author_20711                21             16          22
            12      15471 Author_15471                21             16          25
            13       9181 Author_09181                21             17          11
            14       3031 Author_03031                21             18           6
            15       3855 Author_03855                21             18           8
            16      29781 Author_29781                21             17          12
            17      22092 Author_22092                21             16          32
            18      12325 Author_12325                21             16          31
            19      17905 Author_17905                21             15          67
            20       1088 Author_01088                21             16          38
            21       8868 Author_08868                21             16          43
            22      18112 Author_18112                20             15          45
            23      27653 Author_27653                20             16          23
            24      12327 Author_12327                20             15          48
            25      17534 Author_17534                20             14          96
            26       9198 Author_09198                20             17          13
            27       8570 Author_08570                20             15          53
            28      17104 Author_17104                20             15          57
            29      15913 Author_15913                20             17          15
            30       8646 Author_08646                20             16          30
            31      19053 Author_19053                20             16          34
            32       9777 Author_09777                20             15          63
            33        947 Author_00947                20             17          18
            34       3392 Author_03392                20             15          65
            35      21855 Author_21855                20             16          37
            36       2650 Author_02650                20             16          26
            37      11772 Author_11772                20             16          35
            38        937 Author_00937                20             14         134
            39      17068 Author_17068                20             16          36
            40      23758 Author_23758                20             14         138
            41       8963 Author_08963                20             17          19
            42       3033 Author_03033                20             16          41
            43      29958 Author_29958                20             14         167
            44      12555 Author_12555                20             16          42
            45      17945 Author_17945                20             14         171
            46       6817 Author_06817                19             15          46
            47       7665 Author_07665                19             15          47
            48      15801 Author_15801                19             16          21
            49      11792 Author_11792                19             13         191
            50       6641 Author_06641                19             15          49
            51        349 Author_00349                19             18           7
            52      19803 Author_19803                19             14         102
            53          0 Author_00000                19             16          28
            54      19834 Author_19834                19             14         111
            55      15264 Author_15264                19             14         112
            56      11549 Author_11549                19             16          29
            57      12760 Author_12760                19             16          27
            58      14189 Author_14189                19             14         113
            59      16439 Author_16439                19             17          17
            60      10312 Author_10312                19             15          68
            61      10048 Author_10048                19             15          71
            62      28811 Author_28811                19             14         110
            63      22246 Author_22246                19             13         216
            64      14480 Author_14480                19             15          70
            65      11870 Author_11870                19             14         127
            66      18861 Author_18861                19             15          66
            67      21807 Author_21807                19             14         129
            68      18762 Author_18762                19             15          78
            69       6805 Author_06805                19             15          74
            70       5333 Author_05333                19             14         121
            71       9236 Author_09236                19             14         137
            72      19547 Author_19547                19             14         123
            73       5634 Author_05634                19             14         128
            74       5633 Author_05633                19             16          39
            75      14998 Author_14998                19             15          81
            76       3955 Author_03955                19             16          40
            77      15286 Author_15286                19             15          84
            78      22143 Author_22143                19             14         159
            79      11548 Author_11548                19             13         247
            80       2481 Author_02481                19             15          83
            81      22651 Author_22651                19             14         152
            82      19233 Author_19233                19             14         163
            83      26784 Author_26784                19             15          80
            84      25873 Author_25873                19             16          44
            85      26277 Author_26277                19             15          87
            86      23133 Author_23133                19             15          89
            87      23166 Author_23166                19             15          90
            88       4122 Author_04122                18             14          92
            89      25714 Author_25714                18             16          24
            90       8080 Author_08080                18             14          97
            91      12544 Author_12544                18             14         100
            92      23341 Author_23341                18             13         195
            93       3632 Author_03632                18             15          51
            94       7234 Author_07234                18             14          99
            95      28915 Author_28915                18             13         201
            96      29305 Author_29305                18             15          52
            97      29533 Author_29533                18             15          56
            98      29753 Author_29753                18             14         107
            99      23338 Author_23338                18             15          58
           100       5882 Author_05882                18             14         108
           101      29858 Author_29858                18             15          62
           102       8766 Author_08766                18             13         200
           103      26519 Author_26519                18             15          64
           104       3795 Author_03795                18             15          61
           105       5007 Author_05007                18             14         104
           106      11700 Author_11700                18             14         133
           107      20569 Author_20569                18             14         124
           108      22439 Author_22439                18             15          69
           109       8578 Author_08578                18             14         116
           110       1772 Author_01772                18             15          73
           111      13418 Author_13418                18             15          72
           112      19435 Author_19435                18             14         131
           113      27448 Author_27448                18             12         354
           114      29886 Author_29886                18             13         218
           115      13208 Author_13208                18             13         225
           116       4837 Author_04837                18             13         210
           117      11410 Author_11410                18             13         224
           118      11491 Author_11491                18             13         205
           119      16984 Author_16984                18             13         221
           120      18360 Author_18360                18             12         381
           121        497 Author_00497                18             14         140
           122      20718 Author_20718                18             14         132
           123      29655 Author_29655                18             13         234
           124      22538 Author_22538                18             15          79
           125       6955 Author_06955                18             14         143
           126       8408 Author_08408                18             12         406
           127      29664 Author_29664                18             14         144
           128      20293 Author_20293                18             15          82
           129      19828 Author_19828                18             13         272
           130       3687 Author_03687                18             14         151
           131       7549 Author_07549                18             13         254
           132      11647 Author_11647                18             13         232
           133        599 Author_00599                18             14         149
           134      25444 Author_25444                18             14         145
           135       4033 Author_04033                18             14         154
           136      24229 Author_24229                18             14         153
           137        693 Author_00693                18             13         255
           138      10832 Author_10832                18             14         164
           139       2185 Author_02185                18             14         166
           140      10546 Author_10546                18             15          88
           141      14343 Author_14343                18             13         256
           142        687 Author_00687                18             12         438
           143       5616 Author_05616                18             13         276
           144       5539 Author_05539                18             14         169
           145      17070 Author_17070                18             13         288
           146      21992 Author_21992                18             14         173
           147       7851 Author_07851                18             15          85
           148       9836 Author_09836                18             14         165
           149      13337 Author_13337                18             14         181
           150      10978 Author_10978                18             13         318
           151      17046 Author_17046                18             14         183
           152      17723 Author_17723                17             13         188
           153      22770 Author_22770                17             14          94
           154      15846 Author_15846                17             13         190
           155      25275 Author_25275                17             15          50
           156      28650 Author_28650                17             14          98
           157      15520 Author_15520                17             14         109
           158      15638 Author_15638                17             14         105
           159      17690 Author_17690                17             14          95
           160      16714 Author_16714                17             14         106
           161       8298 Author_08298                17             13         196
           162       9579 Author_09579                17             15          55
           163      29004 Author_29004                17             13         198
           164      21155 Author_21155                17             15          54
           165      18961 Author_18961                17             13         197
           166       4171 Author_04171                17             13         204
           167      20787 Author_20787                17             14         103
           168      21234 Author_21234                17             15          60
           169      16924 Author_16924                17             16          33
           170       3039 Author_03039                17             13         227
           171       6008 Author_06008                17             14         117
           172      29670 Author_29670                17             13         206
           173      19704 Author_19704                17             14         126
           174      23553 Author_23553                17             12         352
           175       8398 Author_08398                17             13         212
           176       7689 Author_07689                17             14         114
           177      13903 Author_13903                17             13         209
           178      29963 Author_29963                17             13         220
           179      29760 Author_29760                17             13         211
           180         65 Author_00065                17             12         350
           181      27217 Author_27217                17             13         215
           182      17821 Author_17821                17             14         136
           183      15597 Author_15597                17             12         389
           184      29129 Author_29129                17             14         141
           185       4792 Author_04792                17             13         230
           186      20179 Author_20179                17             15          76
           187        651 Author_00651                17             15          77
           188      24931 Author_24931                17             14         139
           189      10995 Author_10995                17             13         231
           190      19574 Author_19574                17             12         353
           191      16633 Author_16633                17             15          75
           192       8916 Author_08916                17             12         398
           193      24044 Author_24044                17             13         222
           194      14525 Author_14525                17             13         240
           195      10943 Author_10943                17             14         150
           196      22817 Author_22817                17             14         158
           197       5451 Author_05451                17             13         251
           198      26243 Author_26243                17             13         233
           199      29843 Author_29843                17             12         378
           200       3712 Author_03712                17             12         384
           201       4612 Author_04612                17             13         252
           202      12719 Author_12719                17             14         147
           203      16147 Author_16147                17             13         228
           204      24945 Author_24945                17             13         248
           205      21581 Author_21581                17             12         380
           206       3836 Author_03836                17             13         223
           207      14661 Author_14661                17             14         155
           208       3625 Author_03625                17             13         235
           209      15562 Author_15562                17             13         270
           210       7430 Author_07430                17             13         249
           211       7864 Author_07864                17             14         175
           212      29676 Author_29676                17             13         268
           213      10977 Author_10977                17             12         399
           214      14695 Author_14695                17             13         261
           215      21314 Author_21314                17             13         283
           216      21779 Author_21779                17             13         278
           217       2253 Author_02253                17             13         271
           218       6830 Author_06830                17             14         168
           219      17968 Author_17968                17             12         427
           220      11956 Author_11956                17             13         282
           221      26352 Author_26352                17             12         446
           222      14820 Author_14820                17             12         408
           223      11825 Author_11825                17             13         274
           224       3575 Author_03575                17             15          86
           225      19167 Author_19167                17             12         466
           226      12491 Author_12491                17             13         284
           227      11431 Author_11431                17             13         292
           228      10963 Author_10963                17             14         179
           229      10960 Author_10960                17             12         455
           230      17813 Author_17813                17             12         442
           231      10801 Author_10801                17             12         447
           232      20662 Author_20662                17             14         178
           233        448 Author_00448                17             13         308
           234      26589 Author_26589                17             13         266
           235      20038 Author_20038                17             14         180
           236       8166 Author_08166                17             12         498
           237      13901 Author_13901                17             13         304
           238       8556 Author_08556                17             14         182
           239      24221 Author_24221                17             14         184
           240       5903 Author_05903                17             13         311
           241       5890 Author_05890                17             12         530
           242        480 Author_00480                17             12         516
           243       4567 Author_04567                17             12         533
           244      26539 Author_26539                17             13         322
           245      11322 Author_11322                17             11         944
           246       3428 Author_03428                16             14          93
           247      26200 Author_26200                16             13         189
           248      19832 Author_19832                16             12         331
           249      12716 Author_12716                16             12         333
           250      17648 Author_17648                16             11         600
           251      20299 Author_20299                16             12         334
           252      13573 Author_13573                16             12         337
           253      13841 Author_13841                16             12         343
           254      14629 Author_14629                16             13         199
           255       4401 Author_04401                16             12         347
           256      23756 Author_23756                16             15          59
           257       6235 Author_06235                16             12         346
           258       4996 Author_04996                16             13         203
           259      12183 Author_12183                16             14         115
           260      27742 Author_27742                16             14         120
           261      27795 Author_27795                16             14         118
           262       1062 Author_01062                16             12         360
           263       6237 Author_06237                16             12         365
           264      15914 Author_15914                16             11         636
           265       8277 Author_08277                16             13         226
           266       8675 Author_08675                16             12         371
           267      12257 Author_12257                16             12         362
           268      13588 Author_13588                16             13         213
           269      12492 Author_12492                16             13         239
           270       6165 Author_06165                16             13         257
           271      11544 Author_11544                16             11         658
           272      27518 Author_27518                16             14         135
           273       5741 Author_05741                16             14         142
           274       4063 Author_04063                16             13         217
           275      29611 Author_29611                16             13         246
           276       4095 Author_04095                16             13         260
           277       7497 Author_07497                16             14         148
           278       1423 Author_01423                16             12         386
           279       2777 Author_02777                16             12         374
           280      16568 Author_16568                16             12         395
           281      26104 Author_26104                16             14         122
           282      19600 Author_19600                16             12         410
           283       9587 Author_09587                16             12         369
           284      16481 Author_16481                16             14         119
           285      28424 Author_28424                16             14         161
           286      18865 Author_18865                16             12         409
           287      11126 Author_11126                16             12         420
           288       5578 Author_05578                16             11         718
           289      23773 Author_23773                16             12         364
           290      11941 Author_11941                16             13         275
           291       6819 Author_06819                16             12         416
           292       5048 Author_05048                16             14         157
           293      26230 Author_26230                16             12         425
           294      19854 Author_19854                16             12         424
           295      28871 Author_28871                16             14         162
           296       1733 Author_01733                16             11         659
           297       3768 Author_03768                16             12         437
           298       6741 Author_06741                16             13         263
           299      17309 Author_17309                16             12         429
           300       8861 Author_08861                16             11         677
           301      29572 Author_29572                16             13         281
           302      12129 Author_12129                16             11         682
           303      18070 Author_18070                16             13         242
           304      19249 Author_19249                16             14         176
           305      10580 Author_10580                16             13         279
           306      20422 Author_20422                16             13         273
           307      15968 Author_15968                16             11         752
           308      27521 Author_27521                16             14         156
           309       4594 Author_04594                16             13         286
           310      26580 Author_26580                16             11         753
           311        154 Author_00154                16             13         265
           312      24806 Author_24806                16             12         439
           313      13434 Author_13434                16             12         403
           314       4310 Author_04310                16             14         170
           315        363 Author_00363                16             12         431
           316       2072 Author_02072                16             12         421
           317      12813 Author_12813                16             11         777
           318       1217 Author_01217                16             12         456
           319      26395 Author_26395                16             13         302
           320       6335 Author_06335                16             12         443
           321       5235 Author_05235                16             13         295
           322       1443 Author_01443                16             12         459
           323       7769 Author_07769                16             12         441
           324      19370 Author_19370                16             14         174
           325      17886 Author_17886                16             12         454
           326       3112 Author_03112                16             11         756
           327      13553 Author_13553                16             12         422
           328      22942 Author_22942                16             11         770
           329      27712 Author_27712                16             11         784
           330      19058 Author_19058                16             12         451
           331      25269 Author_25269                16             11         734
           332      16286 Author_16286                16             12         490
           333      19733 Author_19733                16             13         264
           334      23790 Author_23790                16             11         747
           335       8440 Author_08440                16             12         479
           336      21380 Author_21380                16             12         450
           337      13357 Author_13357                16             12         486
           338        277 Author_00277                16             13         297
           339      18521 Author_18521                16             12         493
           340      22751 Author_22751                16             13         301
           341      28896 Author_28896                16             12         484
           342       2676 Author_02676                16             13         290
           343       4537 Author_04537                16             12         453
           344       6917 Author_06917                16             10        1174
           345       4961 Author_04961                16             12         458
           346      14494 Author_14494                16             12         481
           347       6851 Author_06851                16             12         487
           348      14272 Author_14272                16             15          91
           349        527 Author_00527                16             13         296
           350      24748 Author_24748                16             12         474
           351      17619 Author_17619                16             13         298
           352      16652 Author_16652                16             13         316
           353       8259 Author_08259                16             13         299
           354       6616 Author_06616                16             13         313
           355      25835 Author_25835                16             13         307
           356      29949 Author_29949                16             12         492
           357      15744 Author_15744                16             11         785
           358      26477 Author_26477                16             12         512
           359      12048 Author_12048                16             12         524
           360      11809 Author_11809                16             13         309
           361      12145 Author_12145                16             12         520
           362      12953 Author_12953                16             13         315
           363      18921 Author_18921                16             11         759
           364       1225 Author_01225                16             12         497
           365      19446 Author_19446                16             12         502
           366      14889 Author_14889                16             12         518
           367       2805 Author_02805                16             13         310
           368      20237 Author_20237                16             11         828
           369        416 Author_00416                16             12         515
           370       3689 Author_03689                16             12         540
           371      19649 Author_19649                16             13         321
           372       1037 Author_01037                16             14         185
           373      23861 Author_23861                16             12         536
           374      11684 Author_11684                16             12         543
           375       8342 Author_08342                16             11         874
           376      20839 Author_20839                16             11         868
           377       3873 Author_03873                16             14         186
           378      23648 Author_23648                16             13         323
           379      14330 Author_14330                16             12         564
           380      26670 Author_26670                16             13         319
           381      19781 Author_19781                16             12         544
           382      13912 Author_13912                16             12         542
           383      19926 Author_19926                16             11         902
           384      18270 Author_18270                16             12         532
           385      11706 Author_11706                16             12         565
           386       2780 Author_02780                16             11         914
           387      22754 Author_22754                16             11         965
           388       9512 Author_09512                15             11         579
           389      18452 Author_18452                15             13         187
           390       9982 Author_09982                15             11         589
           391      17529 Author_17529                15             11         587
           392      11329 Author_11329                15             12         327
           393      25760 Author_25760                15             11         593
           394      13514 Author_13514                15             13         192
           395       3593 Author_03593                15             12         336
           396      23251 Author_23251                15             13         194
           397      13224 Author_13224                15             11         603
           398       9158 Author_09158                15             12         339
           399        727 Author_00727                15             12         338
           400      21772 Author_21772                15             12         341
           401      13978 Author_13978                15             12         332
           402      22610 Author_22610                15             11         605
           403       4871 Author_04871                15             11         611
           404       5544 Author_05544                15             13         207
           405      14763 Author_14763                15             12         345
           406      17366 Author_17366                15             12         342
           407      28287 Author_28287                15             11         618
           408      21929 Author_21929                15             11         626
           409      15194 Author_15194                15             12         349
           410      23549 Author_23549                15             12         351
           411       6247 Author_06247                15             12         372
           412       1929 Author_01929                15             10        1014
           413       6731 Author_06731                15             12         357
           414       8272 Author_08272                15             11         625
           415      11967 Author_11967                15             11         615
           416      28313 Author_28313                15             11         623
           417      18353 Author_18353                15             12         366
           418       6993 Author_06993                15             13         229
           419      10405 Author_10405                15             14         130
           420       1821 Author_01821                15             10        1037
           421      22818 Author_22818                15             12         355
           422      16057 Author_16057                15             11         656
           423      28376 Author_28376                15             11         627
           424      19738 Author_19738                15             12         373
           425        858 Author_00858                15             14         146
           426       5568 Author_05568                15             11         637
           427      21070 Author_21070                15             12         375
           428       5822 Author_05822                15             12         367
           429      20986 Author_20986                15             12         391
           430       1799 Author_01799                15             11         647
           431      23520 Author_23520                15             11         662
           432      10992 Author_10992                15             13         236
           433      22232 Author_22232                15             10        1104
           434      16012 Author_16012                15             13         243
           435       1786 Author_01786                15             12         401
           436      17239 Author_17239                15             12         387
           437      16791 Author_16791                15             12         397
           438       3633 Author_03633                15             13         241
           439      28700 Author_28700                15             11         678
           440       3028 Author_03028                15             12         413
           441      11463 Author_11463                15             12         405
           442        433 Author_00433                15             12         394
           443      24008 Author_24008                15             13         237
           444      28110 Author_28110                15             13         245
           445       4809 Author_04809                15             13         238
           446      27737 Author_27737                15             12         392
           447      17191 Author_17191                15             13         267
           448       8526 Author_08526                15             13         250
           449      11757 Author_11757                15             13         258
           450      15668 Author_15668                15             13         244
           451      14519 Author_14519                15             11         693
           452      14049 Author_14049                15             13         262
           453      13379 Author_13379                15             13         280
           454      16934 Author_16934                15             11         670
           455      23796 Author_23796                15             13         259
           456       9063 Author_09063                15             11         679
           457      29245 Author_29245                15             11         714
           458       9901 Author_09901                15             11         688
           459      10019 Author_10019                15             13         253
           460       6241 Author_06241                15             11         676
           461      14382 Author_14382                15             12         414
           462      21357 Author_21357                15             13         277
           463      12766 Author_12766                15             12         407
           464       4852 Author_04852                15             10        1096
           465      29614 Author_29614                15             10        1076
           466      25918 Author_25918                15             11         754
           467       2418 Author_02418                15             11         704
           468      29663 Author_29663                15             11         722
           469       8437 Author_08437                15             11         691
           470      28057 Author_28057                15             12         434
           471      23164 Author_23164                15             10        1087
           472        130 Author_00130                15             12         433
           473       3325 Author_03325                15             12         426
           474      16237 Author_16237                15             11         711
           475       8996 Author_08996                15             12         440
           476      16919 Author_16919                15             12         432
           477      27477 Author_27477                15             11         766
           478       4025 Author_04025                15             11         737
           479      18703 Author_18703                15             12         449
           480       7873 Author_07873                15             11         709
           481      29151 Author_29151                15             10        1077
           482      15364 Author_15364                15             11         681
           483      13475 Author_13475                15             14         177
           484       6213 Author_06213                15             13         289
           485      15866 Author_15866                15             13         293
           486      25507 Author_25507                15             12         478
           487      23700 Author_23700                15             12         411
           488      16116 Author_16116                15             13         269
           489       8698 Author_08698                15             11         732
           490       8842 Author_08842                15             12         418
           491       9660 Author_09660                15             12         476
           492      22079 Author_22079                15             13         285
           493      22314 Author_22314                15             12         428
           494       2329 Author_02329                15             11         720
           495       4217 Author_04217                15             12         417
           496      11345 Author_11345                15             11         797
           497      12582 Author_12582                15             10        1110
           498         96 Author_00096                15             11         762
           499       3900 Author_03900                15             11         683
           500       4464 Author_04464                15             12         462
           501      12390 Author_12390                15             13         305
           502      16827 Author_16827                15             11         796
           503      28175 Author_28175                15             12         496
           504      16631 Author_16631                15              9        1855
           505      21157 Author_21157                15             11         742
           506      20088 Author_20088                15             12         482
           507       5090 Author_05090                15             11         786
           508      28152 Author_28152                15             10        1137
           509       2268 Author_02268                15             12         460
           510       8315 Author_08315                15             11         772
           511      28510 Author_28510                15             12         468
           512       2449 Author_02449                15             10        1221
           513       7399 Author_07399                15             11         778
           514      14368 Author_14368                15             11         650
           515      15550 Author_15550                15             11         731
           516      26093 Author_26093                15             10        1184
           517      22339 Author_22339                15             11         793
           518      24067 Author_24067                15             11         798
           519      22416 Author_22416                15             11         804
           520      24231 Author_24231                15             11         741
           521       3845 Author_03845                15             11         767
           522      13187 Author_13187                15             11         758
           523      13168 Author_13168                15             12         489
           524        231 Author_00231                15             10        1193
           525      11958 Author_11958                15             11         661
           526      24479 Author_24479                15             12         504
           527       5950 Author_05950                15             12         528
           528      24071 Author_24071                15             11         727
           529       4492 Author_04492                15             11         806
           530      25931 Author_25931                15             13         294
           531      20871 Author_20871                15             12         475
           532      26951 Author_26951                15             11         825
           533      27438 Author_27438                15             12         467
           534      21013 Author_21013                15             13         291
           535      22379 Author_22379                15             12         494
           536      20439 Author_20439                15             11         830
           537      13324 Author_13324                15             12         470
           538      13181 Author_13181                15             12         500
           539       4028 Author_04028                15             10        1215
           540       1016 Author_01016                15             12         509
           541       2039 Author_02039                15             12         521
           542      12299 Author_12299                15             12         463
           543      24110 Author_24110                15             12         507
           544      13448 Author_13448                15             11         817
           545      18413 Author_18413                15             13         317
           546      12063 Author_12063                15             11         781
           547      19061 Author_19061                15             10        1240
           548      21723 Author_21723                15             10        1275
           549      17470 Author_17470                15             11         802
           550       7653 Author_07653                15             11         819
           551      25144 Author_25144                15             10        1265
           552      26663 Author_26663                15             13         306
           553      20228 Author_20228                15             12         505
           554       5878 Author_05878                15             12         473
           555       5647 Author_05647                15             12         501
           556      29265 Author_29265                15             10        1262
           557      25870 Author_25870                15             11         826
           558      21993 Author_21993                15             12         527
           559      22666 Author_22666                15             10        1263
           560      29695 Author_29695                15             10        1225
           561      28397 Author_28397                15             11         866
           562      20072 Author_20072                15             12         523
           563      22001 Author_22001                15             10        1352
           564      22988 Author_22988                15             11         853
           565       1188 Author_01188                15             10        1277
           566      29720 Author_29720                15             11         859
           567      24727 Author_24727                15             12         513
           568      29861 Author_29861                15             12         491
           569      10237 Author_10237                15             10        1309
           570      11270 Author_11270                15             11         832
           571      19961 Author_19961                15             12         514
           572       6173 Author_06173                15             11         896
           573       8406 Author_08406                15             11         834
           574       1298 Author_01298                15             12         534
           575       5151 Author_05151                15             12         519
           576      17101 Author_17101                15             10        1369
           577       3925 Author_03925                15             10        1322
           578       2182 Author_02182                15             11         780
           579       6558 Author_06558                15             11         886
           580      15195 Author_15195                15             10        1385
           581      12059 Author_12059                15             11         882
           582      23641 Author_23641                15             13         320
           583       3831 Author_03831                15             11         870
           584      25871 Author_25871                15             10        1345
           585      18366 Author_18366                15             11         888
           586      16867 Author_16867                15             12         548
           587      29587 Author_29587                15              9        2062
           588       1089 Author_01089                15             12         560
           589      22352 Author_22352                15             12         538
           590       2453 Author_02453                15             11         885
           591       6120 Author_06120                15             11         930
           592      25876 Author_25876                15             12         558
           593      16375 Author_16375                15             13         324
           594      12310 Author_12310                15             12         557
           595      20697 Author_20697                15             11         884
           596      24288 Author_24288                15             11         920
           597      27816 Author_27816                15             10        1319
           598      12976 Author_12976                15             11         903
           599      29970 Author_29970                15             11         899
           600      16969 Author_16969                15             11         945
           601        156 Author_00156                15             12         561
           602      20116 Author_20116                15             11         949
           603      13597 Author_13597                15             10        1534
           604      12859 Author_12859                15             10        1424
           605      22478 Author_22478                15             11         957
           606      25813 Author_25813                15             12         577
           607      10698 Author_10698                15             11         955
           608       8569 Author_08569                15             11         982
           609      25856 Author_25856                15             10        1648
           610      10492 Author_10492                14              9        1689
           611       1523 Author_01523                14             11         582
           612      18718 Author_18718                14             11         586
           613      10816 Author_10816                14             12         325
           614      27320 Author_27320                14             10         995
           615       9720 Author_09720                14             10         997
           616      28334 Author_28334                14             10         998
           617       9192 Author_09192                14             11         591
           618       8257 Author_08257                14             10         999
           619      27842 Author_27842                14             12         329
           620      28762 Author_28762                14             11         595
           621      14093 Author_14093                14             11         598
           622      25305 Author_25305                14             11         599
           623       9385 Author_09385                14             14         101
           624      29367 Author_29367                14             13         193
           625       3053 Author_03053                14             11         602
           626       2408 Author_02408                14             11         604
           627      27760 Author_27760                14             12         335
           628       8512 Author_08512                14             12         340
           629      10467 Author_10467                14             11         616
           630      12277 Author_12277                14             13         202
           631       4637 Author_04637                14             12         348
           632       4566 Author_04566                14             11         617
           633      25521 Author_25521                14             12         344
           634      26675 Author_26675                14             11         620
           635       9491 Author_09491                14             11         606
           636        936 Author_00936                14             13         208
           637      12157 Author_12157                14             12         330
           638      16180 Author_16180                14              9        1737
           639      19447 Author_19447                14             10        1036
           640      19300 Author_19300                14             11         619
           641       9101 Author_09101                14             10        1038
           642      19341 Author_19341                14             11         631
           643      21776 Author_21776                14             11         613
           644      15217 Author_15217                14             11         641
           645       6424 Author_06424                14             12         358
           646      22174 Author_22174                14             10        1047
           647       3732 Author_03732                14             11         643
           648      12633 Author_12633                14             10        1044
           649       7671 Author_07671                14             11         629
           650      11022 Author_11022                14             10        1030
           651       9012 Author_09012                14             12         379
           652      22713 Author_22713                14             11         651
           653      26779 Author_26779                14             11         644
           654      14385 Author_14385                14             12         356
           655      10616 Author_10616                14             12         368
           656      25353 Author_25353                14             10        1046
           657       1835 Author_01835                14             11         664
           658       3854 Author_03854                14             12         377
           659      13415 Author_13415                14             11         646
           660       7324 Author_07324                14             10        1069
           661       4307 Author_04307                14             12         361
           662      18004 Author_18004                14             12         370
           663      27701 Author_27701                14             11         692
           664       6532 Author_06532                14             10        1051
           665      29414 Author_29414                14             11         639
           666       7516 Author_07516                14             11         642
           667      24670 Author_24670                14             10        1040
           668      19014 Author_19014                14             11         680
           669      28293 Author_28293                14             11         657
           670      14607 Author_14607                14             12         363
           671       6292 Author_06292                14             12         393
           672      27184 Author_27184                14             11         654
           673      15985 Author_15985                14             12         396
           674       2173 Author_02173                14             11         665
           675      19252 Author_19252                14             12         385
           676        782 Author_00782                14             11         671
           677       9958 Author_09958                14             12         388
           678       3432 Author_03432                14             10        1024
           679       8488 Author_08488                14             12         412
           680      19337 Author_19337                14             11         694
           681       1930 Author_01930                14             10        1099
           682      26363 Author_26363                14             11         645
           683       7907 Author_07907                14             11         672
           684      20702 Author_20702                14             13         219
           685      10817 Author_10817                14             10        1079
           686      17207 Author_17207                14             10        1085
           687      16044 Author_16044                14             12         402
           688      17587 Author_17587                14             11         695
           689       8089 Author_08089                14             12         376
           690      25960 Author_25960                14             11         703
           691      19698 Author_19698                14             12         430
           692       9642 Author_09642                14             11         702
           693      26755 Author_26755                14             10        1084
           694       5001 Author_05001                14             11         689
           695       7101 Author_07101                14             11         640
           696      15461 Author_15461                14             12         415
           697      17291 Author_17291                14             11         649
           698      17540 Author_17540                14             10        1075
           699      11293 Author_11293                14             10        1119
           700      22183 Author_22183                14             10        1082
           701      29743 Author_29743                14             10        1073
           702      12251 Author_12251                14             11         666
           703       6497 Author_06497                14             12         400
           704      13904 Author_13904                14             12         419
           705      25271 Author_25271                14             12         448
           706       2217 Author_02217                14             11         719
           707       9212 Author_09212                14             11         685
           708      20185 Author_20185                14             11         690
           709      26137 Author_26137                14             11         744
           710       8500 Author_08500                14             11         717
           711      24186 Author_24186                14             10        1160
           712      25834 Author_25834                14             11         697
           713       5006 Author_05006                14             11         713
           714      23427 Author_23427                14             12         435
           715      24425 Author_24425                14             11         750
           716      17171 Author_17171                14             10        1129
           717       9908 Author_09908                14             14         172
           718       7964 Author_07964                14             11         728
           719      16985 Author_16985                14             13         300
           720      19911 Author_19911                14              9        1783
           721      28348 Author_28348                14             12         423
           722      13301 Author_13301                14             11         740
           723        418 Author_00418                14             12         445
           724      12862 Author_12862                14             11         755
           725      18263 Author_18263                14             11         648
           726       6577 Author_06577                14             11         746
           727      25657 Author_25657                14             14         160
           728      15020 Author_15020                14             11         751
           729       4468 Author_04468                14             11         725
           730       5159 Author_05159                14             12         436
           731      12672 Author_12672                14             12         471
           732      29740 Author_29740                14             10        1154
           733      18741 Author_18741                14             10        1202
           734       4787 Author_04787                14             13         287
           735       6632 Author_06632                14             10        1123
           736      13844 Author_13844                14             12         480
           737      27535 Author_27535                14             10        1122
           738       1927 Author_01927                14             11         712
           739      20238 Author_20238                14             10        1216
           740      15057 Author_15057                14             11         738
           741      13952 Author_13952                14             10        1161
           742      23396 Author_23396                14             11         726
           743      22423 Author_22423                14             10        1194
           744       8349 Author_08349                14             10        1196
           745       3996 Author_03996                14             11         733
           746      10010 Author_10010                14             11         724
           747       2899 Author_02899                14             11         807
           748      29038 Author_29038                14             12         506
           749       3674 Author_03674                14             11         775
           750      13212 Author_13212                14             11         790
           751      13900 Author_13900                14             11         801
           752      21167 Author_21167                14             11         773
           753       3673 Author_03673                14              9        1813
           754       4695 Author_04695                14             11         789
           755       8699 Author_08699                14             11         792
           756      12054 Author_12054                14             12         444
           757        126 Author_00126                14             11         735
           758      18306 Author_18306                14             12         488
           759       8263 Author_08263                14             12         483
           760       8333 Author_08333                14             10        1167
           761      20327 Author_20327                14             13         303
           762      17869 Author_17869                14             10        1155
           763      17078 Author_17078                14             11         799
           764      19816 Author_19816                14             11         774
           765       3193 Author_03193                14             11         803
           766      25407 Author_25407                14             12         485
           767      26546 Author_26546                14             10        1219
           768      11988 Author_11988                14             10        1259
           769      13982 Author_13982                14             10        1205
           770      18615 Author_18615                14             10        1176
           771      12494 Author_12494                14             11         699
           772      13868 Author_13868                14             12         469
           773      28439 Author_28439                14              9        1869
           774       2829 Author_02829                14              9        1902
           775      24369 Author_24369                14             11         812
           776      24377 Author_24377                14             10        1238
           777      28973 Author_28973                14             12         522
           778      22093 Author_22093                14             11         723
           779        475 Author_00475                14             11         779
           780       7374 Author_07374                14             10        1115
           781      24532 Author_24532                14             11         800
           782      28974 Author_28974                14             10        1201
           783       2586 Author_02586                14             11         776
           784      22237 Author_22237                14             12         525
           785      13028 Author_13028                14             13         314
           786      20874 Author_20874                14             10        1164
           787      26234 Author_26234                14             11         816
           788       3258 Author_03258                14             11         763
           789      14128 Author_14128                14             10        1250
           790       5688 Author_05688                14             11         858
           791      13093 Author_13093                14             11         811
           792      17725 Author_17725                14             10        1248
           793      15532 Author_15532                14             10        1266
           794      15287 Author_15287                14             10        1291
           795      17605 Author_17605                14             11         815
           796      18318 Author_18318                14             10        1254
           797      25476 Author_25476                14             11         860
           798      14814 Author_14814                14             10        1188
           799      16176 Author_16176                14             10        1281
           800      21617 Author_21617                14             10        1217
           801      25022 Author_25022                14             11         748
           802      28912 Author_28912                14             11         745
           803       1345 Author_01345                14             12         541
           804       6647 Author_06647                14             10        1241
           805      17548 Author_17548                14             11         840
           806      29893 Author_29893                14             11         829
           807      15172 Author_15172                14             11         835
           808      24513 Author_24513                14             11         791
           809       2570 Author_02570                14             10        1272
           810      25368 Author_25368                14             10        1261
           811       4083 Author_04083                14              8        2877
           812      19948 Author_19948                14             10        1284
           813      25229 Author_25229                14             12         499
           814       3908 Author_03908                14             12         546
           815      21331 Author_21331                14             12         511
           816      29167 Author_29167                14             12         526
           817      25427 Author_25427                14             11         863
           818      18027 Author_18027                14              9        1951
           819      27222 Author_27222                14             11         845
           820      15625 Author_15625                14             11         831
           821      22115 Author_22115                14             13         312
           822      16872 Author_16872                14             10        1214
           823      22012 Author_22012                14             10        1286
           824      26577 Author_26577                14             11         787
           825       7333 Author_07333                14             11         836
           826      14662 Author_14662                14             12         508
           827      19639 Author_19639                14             11         808
           828       9694 Author_09694                14             11         844
           829      21435 Author_21435                14              9        1925
           830       3660 Author_03660                14             12         539
           831       2821 Author_02821                14              9        1875
           832       4578 Author_04578                14             11         848
           833      13723 Author_13723                14             12         517
           834      23702 Author_23702                14             11         871
           835      22554 Author_22554                14             11         879
           836        168 Author_00168                14             10        1313
           837      16793 Author_16793                14             10        1274
           838      24491 Author_24491                14             11         843
           839      23365 Author_23365                14             10        1278
           840      26836 Author_26836                14             10        1381
           841      25485 Author_25485                14             10        1349
           842      19595 Author_19595                14             11         857
           843       1515 Author_01515                14              9        2025
           844      14574 Author_14574                14             11         900
           845      23594 Author_23594                14             11         893
           846      23716 Author_23716                14             10        1378
           847      14003 Author_14003                14             11         897
           848       2437 Author_02437                14             10        1305
           849       6692 Author_06692                14             12         545
           850      13317 Author_13317                14             11         869
           851      16908 Author_16908                14             12         553
           852      17125 Author_17125                14             10        1239
           853      27916 Author_27916                14             11         833
           854      10260 Author_10260                14             12         551
           855       2512 Author_02512                14             11         852
           856       3316 Author_03316                14             11         880
           857      11660 Author_11660                14             12         550
           858      29228 Author_29228                14             10        1315
           859      11631 Author_11631                14             11         861
           860      23502 Author_23502                14             11         867
           861      27534 Author_27534                14             10        1308
           862      17706 Author_17706                14             11         905
           863      22254 Author_22254                14             10        1366
           864       4574 Author_04574                14             12         563
           865      16605 Author_16605                14             10        1361
           866      24280 Author_24280                14             10        1406
           867       8009 Author_08009                14             12         562
           868      27435 Author_27435                14             12         567
           869       8717 Author_08717                14             11         864
           870      24795 Author_24795                14              9        1992
           871      22589 Author_22589                14             12         556
           872      15567 Author_15567                14             12         547
           873        566 Author_00566                14             11         901
           874       6356 Author_06356                14              9        2009
           875      22592 Author_22592                14             10        1320
           876       8330 Author_08330                14             11         916
           877      12093 Author_12093                14             11         931
           878       7463 Author_07463                14             11         925
           879      21468 Author_21468                14             10        1388
           880      27955 Author_27955                14             10        1471
           881       2916 Author_02916                14             10        1400
           882      29696 Author_29696                14             11         907
           883       5359 Author_05359                14             10        1375
           884      15406 Author_15406                14             12         552
           885      15122 Author_15122                14             10        1408
           886      17543 Author_17543                14             10        1402
           887       5349 Author_05349                14             12         559
           888       6920 Author_06920                14             10        1393
           889       7091 Author_07091                14             10        1359
           890      22161 Author_22161                14             11         872
           891      14309 Author_14309                14             10        1389
           892      25179 Author_25179                14             11         906
           893      16021 Author_16021                14             11         921
           894       8366 Author_08366                14             10        1397
           895        597 Author_00597                14             12         554
           896       6200 Author_06200                14             12         572
           897      20435 Author_20435                14             10        1426
           898       5045 Author_05045                14             10        1411
           899       3024 Author_03024                14             10        1472
           900       3953 Author_03953                14             12         571
           901       9337 Author_09337                14              9        2095
           902      29264 Author_29264                14             11         909
           903         92 Author_00092                14              9        2091
           904       9323 Author_09323                14             11         891
           905       1676 Author_01676                14              9        2126
           906      24324 Author_24324                14             10        1429
           907       9528 Author_09528                14              9        2045
           908      13248 Author_13248                14             12         573
           909       3249 Author_03249                14             10        1415
           910       4622 Author_04622                14             10        1423
           911       8184 Author_08184                14              9        1930
           912      26266 Author_26266                14             12         568
           913      29727 Author_29727                14             11         929
           914        813 Author_00813                14             10        1503
           915      28301 Author_28301                14             11         939
           916      23424 Author_23424                14             10        1466
           917      27350 Author_27350                14             11         940
           918      21653 Author_21653                14             10        1458
           919       9877 Author_09877                14              9        1976
           920      21729 Author_21729                14             10        1434
           921      23198 Author_23198                14             12         570
           922       7806 Author_07806                14             10        1561
           923       6569 Author_06569                14             11         895
           924      28961 Author_28961                14              9        2047
           925       6422 Author_06422                14             10        1497
           926      23316 Author_23316                14             11         934
           927       9127 Author_09127                14             10        1509
           928      10696 Author_10696                14             11         953
           929      15271 Author_15271                14             12         569
           930      28901 Author_28901                14             11         947
           931      11910 Author_11910                14             10        1548
           932      14990 Author_14990                14             12         574
           933      25077 Author_25077                14             10        1504
           934      15982 Author_15982                14             11         894
           935      12783 Author_12783                14              9        2160
           936      14122 Author_14122                14              9        2246
           937       5564 Author_05564                14             10        1524
           938      20157 Author_20157                14             10        1507
           939       9019 Author_09019                14             10        1543
           940       9308 Author_09308                14             11         964
           941      23503 Author_23503                14             12         576
           942      22896 Author_22896                14             11         942
           943       3803 Author_03803                14             10        1492
           944      17726 Author_17726                14             11         923
           945      18175 Author_18175                14             11         952
           946      21655 Author_21655                14              9        2266
           947      18190 Author_18190                14             12         578
           948       8969 Author_08969                14             10        1585
           949       1824 Author_01824                14              9        2220
           950       8629 Author_08629                14             11         979
           951      28523 Author_28523                14             11         976
           952      20568 Author_20568                14             10        1457
           953        824 Author_00824                14             10        1510
           954      12107 Author_12107                14             10        1487
           955      16533 Author_16533                14             10        1587
           956      22904 Author_22904                14             10        1592
           957      12877 Author_12877                14             11         970
           958       6882 Author_06882                14             10        1588
           959       1864 Author_01864                14             10        1611
           960       5337 Author_05337                14             11         975
           961       2187 Author_02187                14             10        1579
           962      18100 Author_18100                14              9        2264
           963      11437 Author_11437                14             10        1628
           964       7010 Author_07010                14             10        1613
           965       4305 Author_04305                14             11         971
           966       3699 Author_03699                14             11         978
           967      18768 Author_18768                14             10        1572
           968      14291 Author_14291                14              9        2316
           969      14586 Author_14586                14             10        1589
           970      15554 Author_15554                14              9        2398
           971      14581 Author_14581                14             10        1625
           972      15951 Author_15951                14             10        1644
           973       5949 Author_05949                14             10        1668
           974      28719 Author_28719                14             10        1677
           975      22042 Author_22042                13             11         580
           976      16517 Author_16517                13             11         581
           977       2309 Author_02309                13             10         989
           978       1564 Author_01564                13             11         583
           979      15478 Author_15478                13             11         584
           980      13547 Author_13547                13             10         991
           981      23787 Author_23787                13             11         588
           982      27367 Author_27367                13             12         326
           983      27227 Author_27227                13             10         992
           984      10985 Author_10985                13              9        1699
           985      28647 Author_28647                13             10         993
           986      10953 Author_10953                13             10         994
           987      14921 Author_14921                13              9        1702
           988       8484 Author_08484                13              9        1704
           989       4091 Author_04091                13             10        1003
           990      26635 Author_26635                13             10        1005
           991      13945 Author_13945                13             10        1004
           992       9564 Author_09564                13             11         601
           993      10515 Author_10515                13             10        1007
           994      25996 Author_25996                13             10        1006
           995      24685 Author_24685                13             11         608
           996      27934 Author_27934                13             12         328
           997      26667 Author_26667                13              9        1722
           998      19885 Author_19885                13             10        1013
           999      29535 Author_29535                13             10        1026
          1000        759 Author_00759                13             11         609
