Top 50 transitivity beneficiaries (relative, h>=10) - r=1.0 → r=0.75
====================================================================

 rank  author_id  h_baseline  h_r0.75  delta_h  rel_pct  num_publications  kudos_ratio
    1   13645591          26       42       16     61.5               151         3.22
    2    1313321          27       42       15     55.6               104         2.63
    3    9143901          22       34       12     54.5               149         2.13
    4   11206333          28       43       15     53.6                88         2.19
    5    3351104          25       37       12     48.0               182         1.54
    6    6080776          21       30        9     42.9               141         1.94
    7    8929934          26       37       11     42.3                90         1.95
    8    4791855          26       37       11     42.3                74         2.08
    9   12376282          27       38       11     40.7                65         2.03
   10    4070144          25       35       10     40.0                98         1.60
   11    5246282          23       32        9     39.1                50         2.24
   12    5578349          42       58       16     38.1               156         1.84
   13    4578170          21       29        8     38.1               161         1.89
   14    8898186          29       40       11     37.9                95         1.89
   15    9919543          29       40       11     37.9                80         1.99
   16    9562602          40       55       15     37.5               186         1.74
   17    2561023          32       44       12     37.5               142         2.01
   18    2153687          24       33        9     37.5               147         1.62
   19     962457          59       81       22     37.3               213         1.67
   20   13261410          38       52       14     36.8               188         1.75
   21    3794956          22       30        8     36.4                83         1.72
   22    8920909          22       30        8     36.4                84         1.77
   23   13711797          28       38       10     35.7              1051         1.39
   24    1095715          28       38       10     35.7                85         2.21
   25   10077178          48       65       17     35.4               204         1.62
   26    9446079          20       27        7     35.0                41         1.84
   27    4744108          27       36        9     33.3                74         1.42
   28   11305846          27       36        9     33.3               154         1.56
   29    4047184          24       32        8     33.3                92         1.53
   30    1876204          24       32        8     33.3                81         1.70
   31     955186          21       28        7     33.3               127         2.41
   32   13466094          21       28        7     33.3                95         1.38
   33    6473184          21       28        7     33.3               124         1.55
   34    2906168          21       28        7     33.3                97         1.76
   35    8621800          21       28        7     33.3               151         1.33
   36    1835897          46       61       15     32.6               187         1.62
   37   11228845          34       45       11     32.4               202         1.58
   38   13442325          34       45       11     32.4               103         1.69
   39    6403910          34       45       11     32.4               152         1.69
   40    1054479          50       66       16     32.0               392         1.48
   41    5132715          25       33        8     32.0                52         2.03
   42    9197186          44       58       14     31.8               166         1.50
   43   10460521          22       29        7     31.8                91         1.59
   44   13315789          22       29        7     31.8                64         1.64
   45   11763775          22       29        7     31.8               195         1.97
   46    9168485          22       29        7     31.8                51         2.08
   47    1633431          22       29        7     31.8               124         1.38
   48   12479255          22       29        7     31.8                61         3.43
   49    2398700          22       29        7     31.8                99         1.79
   50   10609815          35       46       11     31.4               196         1.39
