Top 50 transitivity beneficiaries (relative, h>=10) - r=1.0 → r=0.25
====================================================================

 rank  author_id  h_baseline  h_r0.25  delta_h  rel_pct  num_publications  kudos_ratio
    1    9143901          22       80       58    263.6               149        69.51
    2   13645591          26       84       58    223.1               151       155.75
    3    4578170          21       67       46    219.0               161        20.82
    4    3181113          27       80       53    196.3               134        19.19
    5    1233086          28       78       50    178.6               169        17.14
    6    6080776          21       58       37    176.2               141        22.81
    7    2496356          21       57       36    171.4               121        19.39
    8   13592447          29       78       49    169.0               188        13.91
    9    8929934          26       69       43    165.4                90        35.54
   10   13711797          28       74       46    164.3              1051         4.36
   11   11206333          28       74       46    164.3                88        43.55
   12    2561023          32       84       52    162.5               142        35.30
   13   13541874          33       86       53    160.6               182        14.97
   14    3351104          25       65       40    160.0               182         6.01
   15    1313321          27       70       43    159.3               104        69.74
   16     723668          39      101       62    159.0               180        12.85
   17    1803951          23       58       35    152.2               137        13.91
   18    1206661          48      120       72    150.0               219        27.23
   19    9562602          40      100       60    150.0               186        11.70
   20     931096          20       50       30    150.0               205         4.51
   21   10432912          25       61       36    144.0               216         6.95
   22    1098130          28       68       40    142.9               166        13.34
   23   13058234          24       58       34    141.7               557         7.24
   24   12618952          27       65       38    140.7               107        13.55
   25   10609551          52      125       73    140.4               358         7.12
   26    4070144          25       60       35    140.0                98        27.23
   27    6549317          31       74       43    138.7               207        12.89
   28     955186          21       50       29    138.1               127        24.02
   29   10077178          48      114       66    137.5               204        12.61
   30    4227929          35       83       48    137.1               265         9.53
   31    8470013          29       68       39    134.5               218        14.15
   32    5362674          30       70       40    133.3               517         5.24
   33   13224610          30       70       40    133.3               174        17.24
   34     808830          21       49       28    133.3               638        14.38
   35    1429732          21       49       28    133.3               170         6.03
   36    1814834          22       51       29    131.8                70        47.81
   37    1721868          38       88       50    131.6               152        11.70
   38    6952734          32       74       42    131.2               138        12.13
   39    5578349          42       97       55    131.0               156        27.99
   40    4055467          73      168       95    130.1               510         5.34
   41   11586618          27       62       35    129.6               448         3.68
   42    1876204          24       55       31    129.2                81        17.08
   43   13407314          38       87       49    128.9               181         9.65
   44     962457          59      135       76    128.8               213        12.20
   45   11558665          21       48       27    128.6               154         5.30
   46    1464146          21       48       27    128.6               122         5.78
   47   12399419          25       57       32    128.0                92        31.85
   48    9491400          25       57       32    128.0               118        17.33
   49    9919543          29       66       37    127.6                80        58.94
   50    8960140          44      100       56    127.3               298         8.84
