Top 50 transitivity beneficiaries (relative, h>=10) - r=1.0 → r=0.50
====================================================================

 rank  author_id  h_baseline  h_r0.50  delta_h  rel_pct  num_publications  kudos_ratio
    1    9143901          22       57       35    159.1               149         8.61
    2    6080776          21       47       26    123.8               141         5.06
    3   13645591          26       58       32    123.1               151        17.03
    4    1313321          27       59       32    118.5               104        10.26
    5    4578170          21       45       24    114.3               161         5.24
    6    3351104          25       52       27    108.0               182         2.81
    7   11206333          28       58       30    107.1                88         7.08
    8    8929934          26       53       27    103.8                90         6.03
    9    1206661          48       93       45     93.8               219         5.38
   10    2561023          32       62       30     93.8               142         6.45
   11    9562602          40       77       37     92.5               186         3.92
   12    1803951          23       44       21     91.3               137         4.05
   13    9919543          29       55       26     89.7                80         7.08
   14    4791855          26       49       23     88.5                74         6.82
   15    4070144          25       47       22     88.0                98         3.82
   16     962457          59      110       51     86.4               213         3.90
   17    1233086          28       52       24     85.7               169         3.68
   18   13541874          33       61       28     84.8               182         4.00
   19    2342869          31       57       26     83.9               111         6.02
   20    2153687          24       44       20     83.3               147         3.14
   21   13711797          28       51       23     82.1              1051         2.24
   22   11763775          22       40       18     81.8               195         5.44
   23    3794956          22       40       18     81.8                83         4.06
   24    2398700          22       40       18     81.8                99         3.78
   25    5578349          42       76       34     81.0               156         5.31
   26    2496356          21       38       17     81.0               121         4.49
   27   12399419          25       45       20     80.0                92         5.57
   28     931096          20       36       16     80.0               205         2.35
   29   13592447          29       52       23     79.3               188         4.55
   30    8470013          29       52       23     79.3               218         3.68
   31   12618952          27       48       21     77.8               107         4.15
   32    3181113          27       48       21     77.8               134         3.92
   33   11558665          21       37       16     76.2               154         2.32
   34    2134940          21       37       16     76.2                76         5.06
   35    3208305          29       51       22     75.9               113         8.89
   36    8898186          29       51       22     75.9                95         4.94
   37   10077178          48       84       36     75.0               204         3.51
   38    1475829          32       56       24     75.0               208         3.49
   39   10955521          43       75       32     74.4               236         3.31
   40    6733328          35       61       26     74.3                97         5.24
   41    4227929          35       61       26     74.3               265         3.34
   42    7066490          23       40       17     73.9                74         5.51
   43    2501871          45       78       33     73.3               203         6.49
   44    4193602          30       52       22     73.3                63         5.91
   45    7149660          41       71       30     73.2               255         4.41
   46    8417648          26       45       19     73.1               164         2.46
   47    1035563          44       76       32     72.7               182         3.02
   48    5657257          22       38       16     72.7               211         4.40
   49    8608849          22       38       16     72.7                86         2.54
   50    1814834          22       38       16     72.7                70         5.26
