Top 50 transitivity beneficiaries (absolute) - r=1.0 → r=0.25
=============================================================

 rank  author_id  h_baseline  h_r0.25  delta_h  rel_pct  num_publications  kudos_ratio
    1     122408         101      197       96     95.0               534         4.28
    2     593164         105      200       95     90.5               410         5.84
    3    4055467          73      168       95    130.1               510         5.34
    4   10033469          73      163       90    123.3               549        10.07
    5    9737076         130      218       88     67.7              1549         2.73
    6     101090         209      296       87     41.6               782         2.35
    7   10499811          72      157       85    118.1               399         7.09
    8    8772248         126      210       84     66.7              1051         3.27
    9   11324641          84      168       84    100.0               731         3.88
   10     751135         111      191       80     72.1              1199         2.72
   11    7529471          95      172       77     81.1               405         4.61
   12     962457          59      135       76    128.8               213        12.20
   13    4101734         147      222       75     51.0               517         3.82
   14    3332575          72      147       75    104.2               372         7.04
   15   10707138         100      174       74     74.0               283         6.94
   16   11013929         142      215       73     51.4               354         3.13
   17    5808178          80      153       73     91.2               450         2.94
   18    2654630          63      136       73    115.9               237        10.34
   19   10609551          52      125       73    140.4               358         7.12
   20    9025605          88      160       72     81.8               555         3.08
   21   10039471          72      144       72    100.0               591         5.62
   22    1206661          48      120       72    150.0               219        27.23
   23     865370         153      224       71     46.4               903         2.08
   24    8028520          68      139       71    104.4               311         6.98
   25    1469072         123      193       70     56.9               376         3.63
   26    5317349         115      184       69     60.0               332         5.78
   27   11654734          76      144       68     89.5               241         8.19
   28    3072389         136      203       67     49.3               492         2.93
   29   11141767          61      128       67    109.8               259        15.26
   30   12237274         168      234       66     39.3              1038         3.28
   31   13563834          86      152       66     76.7               407         4.26
   32   10077178          48      114       66    137.5               204        12.61
   33    4226882         202      267       65     32.2               556         2.03
   34    7175784          79      144       65     82.3               746         3.25
   35    8223761          64      129       65    101.6               379         4.34
   36    8725898         138      202       64     46.4               637         2.45
   37    7738768         184      247       63     34.2               613         2.01
   38    2379844         131      194       63     48.1               598         2.69
   39     840740         120      183       63     52.5               545         2.71
   40   10139450          99      162       63     63.6               312         4.59
   41    1898713         200      262       62     31.0               474         2.02
   42   10318924         148      210       62     41.9              1877         1.85
   43    6608535         136      198       62     45.6               440         2.76
   44    2509027         132      194       62     47.0               678         2.14
   45    3523312          67      129       62     92.5               190         8.19
   46     723668          39      101       62    159.0               180        12.85
   47    7898192         176      237       61     34.7              1277         1.82
   48    6872121         144      205       61     42.4               556         3.28
   49    4853029          53      114       61    115.1               361         5.33
   50   10737874          52      113       61    117.3               251        18.85
