Top 50 transitivity beneficiaries (absolute) - r=1.0 → r=0.75
=============================================================

 rank  author_id  h_baseline  h_r0.75  delta_h  rel_pct  num_publications  kudos_ratio
    1    4226882         202      231       29     14.4               556         1.27
    2    1898713         200      229       29     14.5               474         1.27
    3    4101734         147      172       25     17.0               517         1.39
    4     593164         105      130       25     23.8               410         1.51
    5     101090         209      233       24     11.5               782         1.27
    6    7738768         184      208       24     13.0               613         1.26
    7     962457          59       81       22     37.3               213         1.67
    8    8772248         126      147       21     16.7              1051         1.32
    9     237762         163      183       20     12.3               836         1.23
   10   10318924         148      168       20     13.5              1877         1.21
   11    3072389         136      156       20     14.7               492         1.28
   12    2379844         131      151       20     15.3               598         1.31
   13    1469072         123      143       20     16.3               376         1.35
   14    7892735         120      140       20     16.7               592         1.25
   15     840740         120      140       20     16.7               545         1.30
   16    2899761         120      140       20     16.7               383         1.47
   17   10707138         100      120       20     20.0               283         1.61
   18    5808178          80      100       20     25.0               450         1.44
   19   10499811          72       92       20     27.8               399         1.47
   20    3078355         230      249       19      8.3              1202         1.20
   21    6872121         144      163       19     13.2               556         1.36
   22   11013929         142      161       19     13.4               354         1.31
   23    2509027         132      151       19     14.4               678         1.27
   24    5730081         111      130       19     17.1               440         1.33
   25     122408         101      120       19     18.8               534         1.34
   26    8028520          68       87       19     27.9               311         1.58
   27    3523312          67       86       19     28.4               190         1.57
   28    2654630          63       82       19     30.2               237         1.59
   29    3303308         206      224       18      8.7              1152         1.13
   30   12237274         168      186       18     10.7              1038         1.35
   31   10851275         151      169       18     11.9              1087         1.17
   32    9737076         130      148       18     13.8              1549         1.22
   33    5317349         115      133       18     15.7               332         1.44
   34    3332575          72       90       18     25.0               372         1.41
   35    8223761          64       82       18     28.1               379         1.46
   36   11141767          61       79       18     29.5               259         1.63
   37    2986463         218      235       17      7.8              1599         1.10
   38    9886262         169      186       17     10.1               473         1.33
   39    8860077         161      178       17     10.6               888         1.17
   40     865370         153      170       17     11.1               903         1.21
   41    4810416         133      150       17     12.8               381         1.42
   42    3192211         110      127       17     15.5               337         1.43
   43   13357800         104      121       17     16.3               412         1.45
   44   10139450          99      116       17     17.2               312         1.42
   45    2806866          89      106       17     19.1               247         1.61
   46   10077178          48       65       17     35.4               204         1.62
   47    6795552         245      261       16      6.5              1273         1.15
   48    3546501         222      238       16      7.2              1350         1.14
   49    3653795         193      209       16      8.3              1097         1.12
   50    4101466         159      175       16     10.1               552         1.27
