Top 30 INCREASE - r=1.0 → r=0.25
================================

 author_id  h_index_r1.00  h_index_r0.25  delta_h  rank_baseline  rank_r0.25  delta_rank  num_publications
    122408            101            197       96           3066          50        3016               534
    593164            105            200       95           2520          44        2476               410
   4055467             73            168       95          13664         147       13517               510
  10033469             73            163       90          13555         165       13390               549
   9737076            130            218       88            730          25         705              1549
    101090            209            296       87             29           1          28               782
  10499811             72            157       85          14518         200       14318               399
   8772248            126            210       84            899          33         866              1051
  11324641             84            168       84           7513         146        7367               731
    751135            111            191       80           1831          69        1762              1199
   7529471             95            172       77           4321         118        4203               405
    962457             59            135       76          31052         440       30612               213
   4101734            147            222       75            362          22         340               517
   3332575             72            147       75          14052         286       13766               372
  10707138            100            174       74           3227         112        3115               283
  11013929            142            215       73            446          28         418               354
   5808178             80            153       73           8996         237        8759               450
   2654630             63            136       73          24407         429       23978               237
  10609551             52            125       73          46510         684       45826               358
   9025605             88            160       72           6134         183        5951               555
  10039471             72            144       72          14079         318       13761               591
   1206661             48            120       72          60926         827       60099               219
    865370            153            224       71            275          20         255               903
   8028520             68            139       71          17587         374       17213               311
   1469072            123            193       70           1039          59         980               376
   5317349            115            184       69           1561          83        1478               332
  11654734             76            144       68          11309         313       10996               241
   3072389            136            203       67            566          41         525               492
  11141767             61            128       67          27626         587       27039               259
  12237274            168            234       66            131          17         114              1038
