H-index change r=1.0 → r=0.50 - Top-10
======================================

 rank_baseline  author_id  h_index_r1.00  h_index_r0.50  delta_h  delta_rank  num_publications
             1    2909828            288            299       11           0              2173
             2    2036634            252            263       11          -2               927
             3    3118255            252            256        4          -4               584
             4    3905565            249            255        6          -6              1253
             5    6558419            248            260       12          -1               849
             6    9772016            245            232      -13         -14              2466
             7    6795552            245            262       17           2              1273
             8    8784928            242            256       14           0               735
             9   11384487            241            227      -14         -12              1653
            10    3566237            235            233       -2          -9              1805
