H-index change r=1.0 → r=0.75 - Top-1,000
=========================================

 rank_baseline  author_id  h_index_r1.00  h_index_r0.75  delta_h  delta_rank  num_publications
             1    2909828            288            298       10           0              2173
             2    2036634            252            261        9           0               927
             3    3118255            252            255        3          -2               584
             4    3905565            249            252        3          -2              1253
             5    6558419            248            257        9           1               849
             6    9772016            245            243       -2          -3              2466
             7    6795552            245            261       16           4              1273
             8    8784928            242            251        9           1               735
             9   11384487            241            238       -3          -2              1653
            10    3566237            235            239        4           0              1805
            11    5187963            234            228       -6          -9              1527
            12   12709842            233            238        5           0              1288
            13    3078355            230            249       19           5              1202
            14    9516779            228            237        9           0              1307
            15   10683466            222            231        9          -2              1024
            16    3546501            222            238       16           3              1350
            17   13091167            220            226        6          -4              1337
            18    2986463            218            235       17           3              1599
            19    7019150            216            224        8          -4               783
            20    6990667            215            216        1         -10              1341
            21   11922989            214            222        8          -5              1322
            22    8815400            213            220        7          -5               681
            23    4498000            211            210       -1          -9              1065
            24   13120003            211            217        6          -5              1405
            25    6009653            211            226       15           3              1045
            26   12239711            211            208       -3         -11               878
            27    4013524            211            224       13           2               839
            28    9642557            209            220       11           0              1728
            29     101090            209            233       24          13               782
            30    3303308            206            224       18           6              1152
            31    1127410            206            202       -4         -17              1004
            32   12452097            205            201       -4         -17              1157
            33    9964935            205            204       -1         -11               885
            34    1497768            204            206        2          -4              1155
            35    7811568            203            203        0         -10               817
            36    7945633            203            213       10           5              1028
            37     908173            202            200       -2         -13              2535
            38    4226882            202            231       29          20               556
            39   10928932            201            208        7           4              2036
            40    7708141            201            210        9           7               651
            41    2132626            201            206        5           0               679
            42   10020021            200            205        5           0              1093
            43    1898713            200            229       29          24               474
            44   13391059            198            186      -12         -31              1825
            45    2752276            198            198        0          -8               953
            46    5802147            198            206        8           6              1087
            47   12064581            198            194       -4         -10               983
            48    3443989            197            204        7           5               727
            49    1787155            195            202        7           2               683
            50   12885095            194            202        8           4               639
            51   13718786            194            190       -4         -13               734
            52    2398791            194            206       12          13               537
            53    8375151            194            198        4          -2               921
            54    3653795            193            209       16          20              1097
            55   12504769            192            192        0          -3              1075
            56    8169729            190            197        7           0               978
            57    3063839            190            188       -2         -11              1271
            58    8077292            190            185       -5         -25              1254
            59   12977538            190            191        1          -3               687
            60    5639696            189            198        9           8               442
            61   12709092            189            186       -3         -18              1597
            62    9553359            189            180       -9         -42               796
            63   13103046            189            200       11          12               974
            64   13032220            188            184       -4         -21               561
            65    2579314            188            186       -2         -13              1433
            66    6826428            188            185       -3         -15              1667
            67   11083570            188            188        0          -2               854
            68    8456779            188            198       10          14               370
            69   12943379            187            181       -6         -29              1525
            70   13673999            187            181       -6         -29              1147
            71    8649812            186            192        6          12              1278
            72    8435304            185            191        6          11              1414
            73   12537065            185            189        4           7              1103
            74    2563296            185            187        2           1               654
            75    9665806            185            191        6          12               636
            76    7733186            184            179       -5         -32              1148
            77    7738768            184            208       24          41               613
            78    6755308            184            180       -4         -27              1258
            79    5031730            183            183        0         -11              1482
            80    1204811            183            173      -10         -47              1141
            81   12792640            183            192        9          21               724
            82    9252184            182            182        0         -13               641
            83    8555229            181            185        4           1              1015
            84    3232452            181            185        4           0              1282
            85    8567115            180            176       -4         -30              1573
            86   11758319            179            174       -5         -36              1479
            87    3052931            179            186        7          11               365
            88     985018            179            183        4          -3               916
            89    3653221            179            181        2         -12              1547
            90   12748302            178            187        9          19               763
            91   11062698            177            187       10          17               705
            92    1690800            176            180        4         -11              2763
            93    4220000            176            174       -2         -30              1060
            94    7898192            176            190       14          29              1277
            95    6358547            176            184        8           8              1348
            96      66436            176            184        8           8               807
            97    4824452            175            173       -2         -29               555
            98    9663796            175            176        1         -19               964
            99    2049097            174            166       -8         -68              1853
           100    2879564            174            184       10          14               645
           101    1414397            174            187       13          31               793
           102    6853236            174            189       15          35               581
           103    8197217            174            181        7           1               498
           104   12580511            173            181        8           7               743
           105     821788            173            168       -5         -46               721
           106   11237548            173            177        4          -7              1109
           107   11095942            173            173        0         -22              1268
           108    3234892            173            167       -6         -55              1227
           109    6500557            172            167       -5         -52              1258
           110     105101            172            174        2         -15              1232
           111   11615886            172            187       15          39               896
           112    7703871            172            166       -6         -58               711
           113    9238635            172            175        3          -7               791
           114    1644939            171            167       -4         -48               719
           115    6671105            171            180        9           8               604
           116    4479236            170            170        0         -27               489
           117    8463126            170            167       -3         -43              2121
           118    9799654            170            176        6           4               514
           119    3966887            170            171        1         -21               458
           120    1816213            169            167       -2         -38              1285
           121     472781            169            174        5          -3               798
           122    1360463            169            171        2         -17               868
           123    4801700            169            165       -4         -49              1358
           124    4468912            169            172        3         -11               620
           125   13229925            169            171        2         -16               994
           126     671306            169            173        4          -4              1056
           127   11831050            169            183       14          34               676
           128    2260002            169            178        9          17               536
           129    9886262            169            186       17          49               473
           130    8066685            168            164       -4         -47               928
           131   12237274            168            186       18          54              1038
           132    5422420            168            183       15          40               465
           133   11081471            168            176        8          17              1253
           134    2960952            168            170        2         -13               767
           135    7909688            168            173        5           2               541
           136   11891718            167            160       -7         -83               858
           137    2885945            167            166       -1         -28               472
           138    2460564            167            181       14          42               499
           139    2465983            167            164       -3         -35              1355
           140    8614840            167            182       15          46               558
           141   11789899            167            181       14          41              1071
           142    9427293            167            179       12          33               544
           143    5312840            167            163       -4         -50               500
           144    5165833            166            166        0         -22               988
           145   10987843            166            177       11          33               613
           146    3154408            166            163       -3         -41              1853
           147    4898397            166            161       -5         -65               773
           148    6680173            166            162       -4         -50              1479
           149   13690353            166            180       14          43               447
           150    2027962            166            173        7          18               906
           151   11188688            166            159       -7         -86               683
           152    7425343            166            175        9          31               575
           153    9067721            165            167        2          -4               855
           154    6724779            165            175       10          35               733
           155    6312414            165            156       -9        -111              1277
           156    2701585            165            160       -5         -67              1031
           157    1549041            165            160       -5         -69               962
           158    9635713            165            170        5          14               377
           159    5181920            164            157       -7         -91              3865
           160    7961189            164            167        3           1               383
           161   12611655            164            154      -10        -126               482
           162   13248739            164            157       -7         -89              1172
           163    4995275            164            163       -1         -22               394
           164    1178692            164            168        4          15               367
           165   11751146            164            164        0         -13               698
           166    5306143            164            167        3           2              1036
           167    6837858            164            164        0         -12              1188
           168    3427110            164            159       -5         -66               792
           169    4074180            164            163       -1         -20               687
           170    7978331            164            171        7          28               697
           171   13104577            164            163       -1         -20               719
           172   11214711            164            163       -1         -20              1075
           173   10627261            164            173        9          42               548
           174     237762            163            183       20          85               836
           175    7798789            163            164        1           0              1380
           176    7805689            163            170        7          31              1266
           177    6003655            163            168        5          22              1190
           178    4861431            163            162       -1         -27               412
           179    2776191            162            156       -6         -88              1777
           180    8755657            162            160       -2         -40              1029
           181    3421764            162            155       -7         -94              1383
           182    3251246            162            166        4          13               928
           183   11718556            162            168        6          31               844
           184    1560583            162            160       -2         -41               572
           185    5181155            162            162        0         -18               912
           186    5835021            162            163        1          -2               482
           187    8860077            161            178       17          77               888
           188   12887932            161            162        1         -13               669
           189    1809847            161            153       -8        -116               719
           190    1181300            161            172       11          53               592
           191    2483920            160            172       12          57               492
           192    8005973            160            156       -4         -70               340
           193     556651            160            161        1         -16              1366
           194    7493207            160            168        8          44              1793
           195   10794292            160            157       -3         -60              1595
           196    3479577            160            163        3          10               776
           197    6225476            160            157       -3         -59               922
           198   11172599            160            162        2           1               553
           199   10118333            160            164        4          19               539
           200    5089676            159            154       -5         -85               289
           201     582870            159            161        2          -5               329
           202   11465499            159            163        4          18               435
           203    4101466            159            175       16          85               552
           204    3459958            159            162        3           8               837
           205    3809384            159            164        5          29               443
           206    8041858            159            152       -7        -106              1645
           207   11001177            159            161        2          -6              1550
           208    9171307            159            165        6          37               815
           209    7813478            159            160        1         -13               405
           210    8017595            159            159        0         -22               826
           211     135874            159            157       -2         -47               601
           212    9624370            158            154       -4         -77              2081
           213   11723599            158            158        0         -28              1410
           214    4774013            158            161        3           4               729
           215   11041206            158            162        4          15               669
           216     490297            158            155       -3         -66               874
           217    7014758            158            158        0         -27               833
           218    4961259            158            162        4          14               908
           219    6088022            158            158        0         -27               600
           220   10586408            157            162        5          25               542
           221    4935977            157            153       -4         -77              1098
           222    7569995            157            155       -2         -55              1094
           223    9725375            157            161        4          12               745
           224    4740827            157            173       16          96               523
           225    4709876            157            153       -4         -75               824
           226     169530            157            159        2          -9              1281
           227   10370425            157            172       15          91              1297
           228    4088575            157            162        5          29              1680
           229    2325531            157            168       11          75               625
           230   10128707            157            156       -1         -41               624
           231    9054802            157            160        3           7               391
           232    7104680            157            168       11          76               585
           233    6731879            156            156        0         -30               380
           234   11514652            156            158        2          -6              1490
           235    8679580            156            157        1         -18               563
           236   11012791            156            148       -8        -125              1124
           237    6870015            156            159        3           6               938
           238    6052377            156            154       -2         -52               401
           239   11055524            156            159        3           6               835
           240     801139            156            155       -1         -36               408
           241    7463923            156            153       -3         -62              1091
           242    4415660            156            166       10          74               402
           243    9043796            156            158        2          -2               959
           244   10509641            156            164        8          63               923
           245    3981634            156            164        8          62               500
           246    6470877            156            161        5          29              1067
           247    2745601            156            158        2          -1               440
           248   10218082            156            157        1         -13               438
           249    7512878            155            156        1         -15              3258
           250    8693805            155            142      -13        -214              2021
           251    8879664            155            145      -10        -167              1720
           252    4161887            155            158        3          13               538
           253     594134            155            160        5          32               428
           254   10542938            155            159        4          25              1658
           255    4856924            155            155        0         -23              1376
           256   11337892            155            148       -7        -108               970
           257     322195            155            151       -4         -75               564
           258    3869622            155            153       -2         -48               657
           259    4892116            155            165       10          86               731
           260    1975725            155            154       -1         -34               718
           261   11521821            155            160        5          33               402
           262    3983375            154            156        2          -6               672
           263    8686107            154            155        1         -17              1050
           264   13684795            154            151       -3         -69              1309
           265   10209666            154            147       -7        -123               959
           266    7204989            154            156        2          -7               897
           267    5331423            154            147       -7        -125               783
           268    8570362            154            164       10          86               426
           269    7159174            154            158        4          22               641
           270    6585549            154            163        9          76               382
           271    3180855            153            161        8          63               445
           272   12069290            153            149       -4         -78              2128
           273    2658409            153            150       -3         -68              1137
           274    4711920            153            155        2          -5               658
           275     865370            153            170       17         129               903
           276    7480960            153            148       -5         -92              1236
           277    6453968            153            148       -5         -93               433
           278   11776138            153            151       -2         -56              1130
           279    4024057            153            162        9          77               506
           280     746540            153            161        8          64               837
           281   13491348            153            153        0         -27               828
           282    9731660            152            148       -4         -75              1026
           283    6535423            152            148       -4         -73               539
           284   10015265            152            149       -3         -65               711
           285   12555196            152            147       -5         -96              1119
           286     166990            152            148       -4         -74               606
           287    1242573            152            149       -3         -64               633
           288    6424941            152            156        4          18               700
           289   13659634            152            148       -4         -74               364
           290    4849823            152            157        5          30               644
           291   12629806            152            161        9          76               441
           292    6505239            152            152        0         -29               724
           293    5078543            151            147       -4         -83               404
           294   10222543            151            145       -6        -126              1316
           295   12675874            151            150       -1         -44               999
           296     934687            151            159        8          66               882
           297   10851275            151            169       18         149              1087
           298    7170358            151            150       -1         -45               534
           299    1464061            151            151        0         -32               578
           300    7899061            151            157        6          41               845
           301    6977461            151            154        3           9               429
           302   12017134            151            150       -1         -43               517
           303    9338435            151            160        9          76               637
           304   13491536            150            149       -1         -43               486
           305    8794486            150            148       -2         -54               652
           306    8736088            150            147       -3         -73               719
           307   12036667            150            152        2          -3               439
           308    2031834            150            146       -4         -92              1053
           309    1922765            150            157        7          57               380
           310   13039147            150            153        3           8               473
           311   13235419            150            146       -4         -97               992
           312    1648624            150            149       -1         -43               552
           313    5380972            149            146       -3         -85              1372
           314    8140432            149            144       -5        -122               538
           315    3829461            149            137      -12        -252              2048
           316    9891695            149            147       -2         -69               828
           317   12248926            149            144       -5        -122               910
           318    1091390            149            149        0         -35              1040
           319    2795506            149            158        9          76              1105
           320   11706030            149            152        3           5               872
           321    5023184            149            152        3           4               977
           322    5024671            149            153        4          15               920
           323    9693135            149            153        4          22               459
           324     581753            149            159       10          88               627
           325     634539            149            157        8          68               482
           326     969703            149            148       -1         -46               729
           327    2980459            149            152        3           7               363
           328    5572671            148            153        5          33               553
           329    4447470            148            150        2          -7               715
           330    9308643            148            161       13         123               433
           331   10476158            148            151        3           7               633
           332   11202602            148            149        1         -16               856
           333   11011273            148            156        8          68               391
           334    8360480            148            144       -4        -103              1121
           335    7297836            148            157        9          81               338
           336    9457498            148            145       -3         -88               428
           337   10318924            148            168       20         184              1877
           338    3414669            148            153        5          39               451
           339     813880            148            143       -5        -120               577
           340   11788229            148            145       -3         -88               870
           341   13046665            148            148        0         -24               654
           342   10579853            148            145       -3         -87               910
           343   10099792            148            145       -3         -87               805
           344   10801873            148            144       -4        -100               875
           345     799233            148            148        0         -29               492
           346    3978719            148            146       -2         -69               721
           347    8086929            148            146       -2         -67               680
           348   12995966            148            155        7          65               533
           349    2468788            147            150        3           9              1190
           350    5660226            147            143       -4        -100              1272
           351   10761065            147            156        9          82               974
           352    8085036            147            146       -1         -47              1126
           353   12203369            147            133      -14        -308              1274
           354    2840520            147            139       -8        -174              1066
           355    9683503            147            152        5          41              1202
           356     773954            147            155        8          75               395
           357    8542601            147            148        1         -12               596
           358    4463879            147            151        4          29               336
           359    1862434            147            141       -6        -125               662
           360    3358870            147            144       -3         -85               750
           361    4323104            147            147        0         -32               456
           362    4101734            147            172       25         224               517
           363    8738144            146            157       11         114               379
           364    8115288            146            154        8          78               495
           365   11063113            146            140       -6        -133              1239
           366    6568216            146            147        1         -11               789
           367    5054989            146            147        1         -16              1319
           368    6722165            146            143       -3         -83              1007
           369    6922052            146            158       12         127               618
           370    8894253            146            146        0         -34              1179
           371    6880726            146            147        1         -20               579
           372    6639896            146            143       -3         -81               489
           373    5231410            146            149        3          19               908
           374    9424666            146            143       -3         -88               530
           375    6563944            146            147        1         -19               657
           376   13163956            146            153        7          67               541
           377   10062121            146            155        9          93               623
           378    2295401            146            161       15         160               746
           379    9625704            145            153        8          83               461
           380   12169351            145            151        6          57               695
           381   13458359            145            148        3          23               943
           382    3332484            145            147        2           2              1632
           383   12929157            145            136       -9        -200              1510
           384   12637545            145            142       -3         -83              1502
           385    9969692            145            151        6          59               646
           386    3437423            145            153        8          89               409
           387     850749            145            154        9          99               349
           388    4359941            145            151        6          61               577
           389    7634095            145            145        0         -32               677
           390   10272637            145            142       -3         -76              1017
           391    1502835            145            147        2           7               728
           392    8156850            145            151        6          64               521
           393   13566595            145            146        1          -8               378
           394   10206442            145            158       13         156               302
           395    7248794            145            147        2           5               504
           396    3183171            145            146        1         -14               625
           397    8346761            145            154        9         104               413
           398   13149009            144            138       -6        -141               648
           399    1822010            144            150        6          62               475
           400    5383568            144            136       -8        -182              1000
           401   13120868            144            140       -4         -98              1728
           402   11044805            144            141       -3         -80              1085
           403   10762827            144            146        2           1              1002
           404   11691208            144            139       -5        -123               914
           405   11016824            144            140       -4         -98              1174
           406    4517289            144            140       -4        -100               610
           407    5016052            144            140       -4        -100               971
           408    3234457            144            141       -3         -84               699
           409    6872121            144            163       19         219               556
           410    6354336            144            150        6          66               725
           411    7599636            144            144        0         -32               310
           412    7588114            144            143       -1         -51              1293
           413     131737            143            145        2          -4               346
           414    4808180            143            144        1         -24              1012
           415    9974429            143            139       -4        -109               778
           416    5490285            143            145        2          -3               438
           417    5882197            143            145        2          -5               809
           418   12751751            143            139       -4        -107               656
           419    9386249            143            145        2          -6               710
           420   11208733            143            144        1         -21               523
           421    4921825            143            156       13         149               740
           422   11064177            143            146        3          13               752
           423    7987482            143            136       -7        -176              1304
           424   11151604            143            142       -1         -48               376
           425    9945717            143            147        4          36               848
           426    4753887            143            152        9         107               778
           427     257160            143            141       -2         -63               549
           428    7048619            143            141       -2         -65               544
           429    6953248            143            130      -13        -333               822
           430    8233431            143            141       -2         -66               281
           431     239806            142            134       -8        -202              1727
           432    6632154            142            144        2          -3               748
           433    8382816            142            141       -1         -47              1026
           434    2699514            142            134       -8        -204              1522
           435    6306647            142            139       -3         -88               692
           436     102068            142            136       -6        -148               903
           437    8456786            142            138       -4        -105               739
           438    4596262            142            152       10         127              1217
           439    9477860            142            142        0         -26               341
           440    1783126            142            138       -4        -103               470
           441    2275911            142            138       -4        -103              1082
           442    3936543            142            146        4          37              1323
           443   10935129            142            144        2           1              1571
           444    3646933            142            141       -1         -39               617
           445    3850817            142            138       -4        -109               916
           446   11013929            142            161       19         232               354
           447    3092815            142            154       12         156               558
           448    1860982            142            141       -1         -41               415
           449    2268676            142            151        9         114               581
           450    4901910            142            146        4          43               663
           451    1784073            141            138       -3         -90              1152
           452   10263596            141            143        2           5               277
           453    5570238            141            136       -5        -133              1186
           454    5644017            141            140       -1         -46               997
           455    8882255            141            152       11         142               636
           456   11955484            141            143        2           2              1151
           457    2850933            141            142        1         -12               776
           458   12105080            141            139       -2         -72               776
           459     471248            141            152       11         141               384
           460    6269580            141            142        1         -11              1035
           461    1293946            141            140       -1         -43               342
           462    5858883            141            135       -6        -159              1158
           463   11731890            141            137       -4        -108               700
           464    7719400            141            138       -3         -93              1179
           465    7617876            141            148        7          94               506
           466   11389780            141            145        4          33               689
           467    1503385            141            139       -2         -67               313
           468     689225            140            141        1          -8               840
           469    2526199            140            141        1          -8               580
           470    3766688            140            146        6          73               242
           471    9315732            140            143        3          19               796
           472   11520814            140            133       -7        -193              1133
           473    9738976            140            137       -3         -97              1615
           474    1125251            140            138       -2         -73               729
           475    8041099            140            138       -2         -76              1696
           476    2851955            140            147        7          89               640
           477    1447564            140            143        3          22               794
           478    6102629            140            138       -2         -80               607
           479     104283            140            148        8         117               350
           480    6189194            140            140        0         -32               904
           481    5755120            139            143        4          35               281
           482    2380914            139            145        6          66              1391
           483    8283744            139            134       -5        -151              1365
           484   11721204            139            134       -5        -156               905
           485    6476519            139            132       -7        -204              1359
           486    9600895            139            149       10         134               874
           487    6576341            139            134       -5        -152               671
           488    6795558            139            136       -3        -100               809
           489    2319621            139            138       -1         -57               837
           490    5238027            139            139        0         -39               538
           491    1158410            139            136       -3        -103               626
           492    6305099            139            140        1         -17              1093
           493    1938122            139            145        6          66               969
           494    5336568            139            138       -1         -58               893
           495    8068019            139            140        1         -15               847
           496    2893288            139            135       -4        -124               997
           497    4216435            139            135       -4        -129               741
           498   11196681            139            133       -6        -178               858
           499    3051726            139            141        2           2               659
           500     250147            139            148        9         125               493
           501    3218548            138            136       -2         -80               294
           502    8169855            138            137       -1         -64              1312
           503   11343707            138            130       -8        -240               657
           504    7741716            138            147        9         126               751
           505    7411820            138            130       -8        -244               929
           506   12300358            138            134       -4        -131               478
           507    8426744            138            146        8         104               488
           508    2403426            138            136       -2         -85              1046
           509    9147425            138            141        3          23              1094
           510    8841281            138            136       -2         -88               496
           511    8725898            138            153       15         207               637
           512    4899356            138            150       12         166               750
           513    8210896            138            137       -1         -60               968
           514    8912720            138            152       14         192               568
           515    6609264            137            139        2          -6               933
           516   11843773            137            133       -4        -141               799
           517    6415132            137            145        8          94              1076
           518    6388574            137            142        5          50               769
           519    7943099            137            134       -3        -122               720
           520    6003788            137            132       -5        -174              1154
           521    2198854            137            128       -9        -300               607
           522    6486996            137            132       -5        -176              1093
           523    1672594            137            131       -6        -201              1523
           524    1783956            137            133       -4        -147              1225
           525   13316561            137            146        9         119               604
           526    7483890            137            131       -6        -199               871
           527    9134444            137            132       -5        -170               409
           528    2129620            137            137        0         -44               742
           529    7283332            137            130       -7        -227               982
           530    9639727            137            138        1         -19               527
           531   11788401            137            142        5          56               677
           532    5417754            137            140        3          24               425
           533    5520576            137            140        3          19               604
           534   12621161            137            145        8         103               407
           535    9605283            137            133       -4        -146               610
           536     509816            137            146        9         123               592
           537    8890940            137            138        1         -27               734
           538     811427            137            147       10         143               384
           539    2269569            137            145        8         105               556
           540    6051957            136            139        3          20               452
           541    3090533            136            135       -1         -72              1108
           542    3808824            136            137        1         -26               590
           543    8744064            136            135       -1         -66               348
           544     587808            136            130       -6        -206               752
           545    7459416            136            129       -7        -233               508
           546    2572999            136            129       -7        -230               695
           547   13002384            136            131       -5        -173               558
           548   13080812            136            129       -7        -238              1075
           549    1706702            136            131       -5        -172               612
           550    7140362            136            140        4          45               627
           551    1969242            136            134       -2         -92               484
           552   11441644            136            133       -3        -114               532
           553    9322610            136            133       -3        -109               374
           554    2397923            136            136        0         -35               505
           555    6608535            136            152       16         239               440
           556   11462600            136            135       -1         -63               663
           557    4576087            136            143        7          99               305
           558   12515950            136            132       -4        -143               810
           559    7053596            136            145        9         133               333
           560    3870569            136            135       -1         -63               612
           561    6019599            136            141        5          70               588
           562   12398209            136            142        6          88               694
           563   11647755            136            138        2           1               761
           564    6779401            136            145        9         132               688
           565    8693252            136            131       -5        -168               389
           566    3072389            136            156       20         292               492
           567    7857947            135            131       -4        -147              1223
           568   12120479            135            138        3          28               468
           569    4183247            135            135        0         -42               868
           570    5007106            135            143        8         121               720
           571    6410157            135            133       -2         -89              1154
           572    4944262            135            135        0         -36               904
           573    1341896            135            147       12         191               382
           574    8471580            135            135        0         -40               797
           575    1647272            135            139        4          49              1275
           576   13608647            135            136        1         -11              1053
           577   11130391            135            142        7         107               724
           578   10449702            135            128       -7        -245               696
           579    5999551            135            131       -4        -147              1481
           580    8810744            135            144        9         140               744
           581    4838563            135            128       -7        -247               799
           582   12865354            135            138        3          32               737
           583    3144174            135            136        1         -13               879
           584    2715773            135            138        3          25               594
           585   10091561            135            135        0         -39               780
           586    8268352            135            134       -1         -60               583
           587    1425678            135            140        5          76               414
           588   10047510            135            137        2          10               442
           589    6040369            135            138        3          29               436
           590    7452949            135            140        5          75               549
           591    1868219            134            132       -2         -93               481
           592     657676            134            141        7         114              2383
           593   11078591            134            127       -7        -267               919
           594    9993404            134            127       -7        -265               350
           595   10491551            134            132       -2         -92              1873
           596    7251705            134            135        1         -16               643
           597    8063411            134            137        3          28               445
           598    3955749            134            150       16         256              1347
           599    9289760            134            129       -5        -192               677
           600    8708204            134            136        2           9               755
           601    4529787            134            135        1         -15               669
           602    8316946            134            133       -1         -68               583
           603   11583021            134            129       -5        -190               527
           604    2697635            134            136        2          14               449
           605    5271961            134            148       14         239               580
           606      84410            134            137        3          32               649
           607   11015496            134            134        0         -38               528
           608   10187361            134            141        7         120               721
           609    8837594            134            142        8         136               640
           610   13332980            134            134        0         -38               330
           611    6975392            134            135        1         -14               524
           612     985750            134            136        2          11               429
           613   13715733            134            129       -5        -188               728
           614    7736586            134            134        0         -35               612
           615    3245386            134            129       -5        -191               541
           616    3666024            134            139        5          80               410
           617    7225928            134            132       -2         -93               540
           618    7689763            134            140        6         100               275
           619    7350785            133            135        2          12               818
           620    2655698            133            130       -3        -128               698
           621   12154668            133            131       -2         -95               569
           622    7594496            133            124       -9        -395               899
           623    9738056            133            132       -1         -62               586
           624    9377906            133            129       -4        -160              1400
           625    6299425            133            127       -6        -247               867
           626   13707061            133            130       -3        -128               660
           627    4810416            133            150       17         289               381
           628    4867277            133            141        8         141               650
           629    7036534            133            128       -5        -196               419
           630    1742796            133            139        6          99               714
           631    7938681            133            131       -2         -87               508
           632   11370404            133            132       -1         -68               829
           633    7903380            133            136        3          36               395
           634    8170244            133            136        3          39               695
           635    8668512            133            131       -2         -93               306
           636    1713627            133            148       15         263              1397
           637    3486995            133            137        4          62               589
           638    9422404            133            143       10         178               554
           639    9221051            133            141        8         154               583
           640    5483222            133            137        4          63               719
           641    4764454            133            133        0         -34               895
           642    6435505            133            129       -4        -158               932
           643   11380201            133            132       -1         -59               712
           644    5210112            133            130       -3        -119               582
           645    3217749            133            128       -5        -207               624
           646    3609906            133            129       -4        -161               432
           647   11499573            133            141        8         153               298
           648    5371014            133            132       -1         -63               469
           649     579225            132            129       -3        -122               449
           650   11680030            132            130       -2         -90               474
           651   13567623            132            130       -2         -94               722
           652    6688301            132            143       11         204               640
           653     391440            132            139        7         131               382
           654    4399470            132            138        6         109              1289
           655    2076644            132            130       -2         -92               510
           656    4787608            132            132        0         -35               785
           657   11882341            132            132        0         -33               712
           658    7821394            132            138        6         110               553
           659   11396879            132            129       -3        -131              1022
           660   10677432            132            134        2          25               268
           661    7508360            132            128       -4        -163               458
           662    2509027            132            151       19         332               678
           663   13066778            132            129       -3        -122               510
           664    8426727            132            130       -2         -95               673
           665    3937506            132            138        6         110              1041
           666   10380431            132            128       -4        -168               706
           667   11487689            132            126       -6        -263               822
           668    3730327            132            135        3          46               590
           669    6182612            132            125       -7        -315               687
           670    4253050            132            146       14         258               586
           671    2452123            132            122      -10        -472               731
           672    5927536            132            146       14         261               442
           673    7167783            132            139        7         138               483
           674    9043785            132            130       -2         -92               310
           675   13606153            132            147       15         279               295
           676    6971465            132            136        4          70               677
           677    4599122            132            128       -4        -177               550
           678    6019391            132            133        1          -4               403
           679   12669591            131            133        2          23               425
           680   11995675            131            129       -2         -93               341
           681    6596282            131            135        4          71              2200
           682    2379844            131            151       20         357               598
           683    9753501            131            130       -1         -63              1306
           684    4904211            131            136        5          99               891
           685   12564436            131            127       -4        -181              1017
           686    3880529            131            127       -4        -182               271
           687    8740419            131            130       -1         -64               871
           688    1429883            131            133        2          25               556
           689   11770271            131            126       -5        -233               860
           690    9656186            131            128       -3        -132               280
           691   11895628            131            124       -7        -331              1281
           692    9361395            131            136        5         100               424
           693    6221490            131            140        9         191               511
           694    1133516            131            127       -4        -188               523
           695    2077437            131            134        3          51               720
           696    3988361            131            127       -4        -187               835
           697       9991            131            130       -1         -61               522
           698   11472473            131            125       -6        -279               965
           699      25449            131            125       -6        -279               927
           700   11467445            131            128       -3        -133               722
           701    4358691            131            125       -6        -279               754
           702   10260030            131            127       -4        -189               923
           703    2632386            131            136        5         103               643
           704   12130158            131            131        0         -28               920
           705    3927147            131            138        7         149               667
           706    8345627            131            137        6         130               754
           707    1874524            131            132        1           3               678
           708    7199561            131            128       -3        -133               493
           709    4335098            131            132        1           4               697
           710     990085            131            139        8         177               368
           711    2955818            131            139        8         179               416
           712     395965            131            131        0         -23               399
           713     406144            131            131        0         -24               411
           714    1245724            130            127       -3        -143               505
           715    8285378            130            126       -4        -195               826
           716   12712539            130            128       -2         -99               383
           717      21780            130            126       -4        -192               417
           718    4072474            130            128       -2         -99              1233
           719    2685968            130            129       -1         -60              1124
           720    3478498            130            132        2          34               268
           721    4520608            130            125       -5        -236               311
           722    3444327            130            131        1           7               669
           723     976485            130            127       -3        -146               564
           724    3728019            130            141       11         243               673
           725    6510018            130            128       -2         -95              1442
           726    1397447            130            141       11         247               527
           727   11027930            130            125       -5        -237               584
           728    8931330            130            127       -3        -149              1223
           729    6571422            130            129       -1         -54               551
           730    9737076            130            148       18         363              1549
           731    6073771            130            125       -5        -241               528
           732    9291623            130            127       -3        -149              1157
           733   10596173            130            129       -1         -54               973
           734    3509005            130            125       -5        -237              1265
           735   11411812            130            131        1          13               294
           736    2952352            130            135        5         121               299
           737    6344469            130            125       -5        -242              1050
           738    5156997            130            126       -4        -197               560
           739   10385651            130            128       -2        -100              1013
           740    9782620            130            138        8         179               848
           741   11849987            130            127       -3        -154               973
           742    2420057            130            132        2          39               435
           743   11428558            130            125       -5        -251               724
           744    8298423            130            127       -3        -157               408
           745    7969179            130            128       -2        -103               696
           746   13105952            130            125       -5        -245               620
           747   12605497            130            136        6         142               560
           748   12690907            130            132        2          42               266
           749     636206            130            134        4          98               441
           750    9695651            130            123       -7        -348               386
           751    5481038            130            129       -1         -59               657
           752    5588476            130            128       -2         -99               424
           753    1433696            130            129       -1         -56               371
           754   11269239            129            130        1          13               719
           755    6830458            129            127       -2        -101               298
           756    9622700            129            126       -3        -152               539
           757    1267647            129            126       -3        -154               920
           758    3040717            129            130        1          16               426
           759    2208801            129            125       -4        -199               785
           760    6967526            129            124       -5        -255               996
           761    1594974            129            127       -2        -110               685
           762    7069433            129            132        3          70               635
           763    9990259            129            125       -4        -198               608
           764   10535537            129            138        9         211               727
           765   10917883            129            131        2          42               453
           766   10814448            129            132        3          71              1064
           767    3788772            129            123       -6        -305               359
           768    6511959            129            126       -3        -165               756
           769    3130258            129            123       -6        -313               834
           770    6314658            129            127       -2        -115               888
           771    5001251            129            143       14         315               471
           772   10832345            129            127       -2        -112               479
           773    5712434            129            124       -5        -262               778
           774    9728608            129            127       -2        -115               600
           775    1290653            129            121       -8        -415              1043
           776   11249458            129            127       -2        -120               746
           777    7150427            129            133        4         100               704
           778    3803677            129            124       -5        -268               692
           779    2440090            129            126       -3        -164               782
           780    3305779            129            124       -5        -262               716
           781    9524778            129            131        2          50               343
           782   10870100            129            129        0         -20               594
           783    9320498            129            138        9         220               606
           784    1454352            129            141       12         289               705
           785     408222            129            125       -4        -215               738
           786    2538282            129            138        9         221               552
           787    2584088            129            134        5         133               478
           788    9116865            129            131        2          50               336
           789   12619922            129            126       -3        -158               566
           790   10499135            128            125       -3        -164               989
           791   13637563            128            122       -6        -314               542
           792    9277283            128            131        3          79               743
           793   11342748            128            125       -3        -163               672
           794    5619654            128            124       -4        -215               344
           795    2227225            128            126       -2        -118               575
           796    2612731            128            132        4         108              1037
           797    4895726            128            125       -3        -166              1438
           798   11808652            128            124       -4        -218              1137
           799     500274            128            121       -7        -363               509
           800    7815137            128            126       -2        -117               699
           801    8135221            128            123       -5        -275               689
           802   11505053            128            129        1          25               864
           803    3172048            128            133        5         139               769
           804   13660475            128            127       -1         -69               491
           805    1410714            128            123       -5        -275               884
           806   12530533            128            133        5         133               942
           807   11296668            128            143       15         350               826
           808    4882351            128            133        5         140               467
           809    3508551            128            130        2          52               498
           810   13259303            128            121       -7        -362               789
           811     596415            128            120       -8        -432               702
           812    2424602            128            128        0         -19               466
           813   12343624            128            124       -4        -221               869
           814    3745999            128            122       -6        -311               848
           815   12304779            128            134        6         168               499
           816    2634882            128            129        1          17               763
           817     740183            128            119       -9        -482               858
           818    3824259            128            120       -8        -420               440
           819    3004300            128            121       -7        -355               496
           820    8143029            128            129        1          25               673
           821   10095171            128            140       12         308               607
           822    7777100            128            123       -5        -263               350
           823   11035696            128            126       -2        -114               703
           824   10252367            128            128        0         -20               501
           825   12537528            128            135        7         196               689
           826    7182010            128            135        7         196               667
           827    8810443            128            129        1          24               482
           828   11655654            128            129        1          31               379
           829    4775284            128            125       -3        -167               800
           830    3560594            128            133        5         151               524
           831    1224157            128            126       -2        -111               332
           832    7331556            128            135        7         200               490
           833     769038            128            140       12         317               301
           834      96145            128            125       -3        -167               402
           835     832205            127            129        2          63               925
           836    5492909            127            130        3          84               666
           837    9441118            127            126       -1         -79               533
           838    7889002            127            126       -1         -76               678
           839   12460383            127            119       -8        -444              2112
           840    3572607            127            123       -4        -228               631
           841    9514755            127            126       -1         -77               908
           842    5014355            127            123       -4        -225               563
           843    2955806            127            121       -6        -323              1049
           844    9290537            127            118       -9        -506               843
           845    6282057            127            129        2          65               328
           846    5145934            127            120       -7        -378              1389
           847   11124262            127            125       -2        -121               681
           848    8175108            127            125       -2        -121               519
           849    4004552            127            133        6         180               630
           850   10590428            127            124       -3        -176               525
           851    2344650            127            127        0         -29              1018
           852   10898128            127            128        1          22              1140
           853    4326566            127            125       -2        -132               470
           854   13697333            127            126       -1         -73               615
           855   12115946            127            125       -2        -112               560
           856    2618186            127            127        0         -37               432
           857     508737            127            127        0         -33               750
           858    2990579            127            126       -1         -71               304
           859    3292817            127            122       -5        -271               538
           860    9835674            127            120       -7        -377               381
           861    3881870            127            125       -2        -127               723
           862    7036424            127            127        0         -38               784
           863   13659730            127            133        6         189               368
           864   10659035            127            128        1          18               548
           865    1122115            127            122       -5        -273               410
           866   12287851            127            131        4         136               364
           867    3206448            127            124       -3        -177               425
           868    9735122            127            132        5         161               495
           869     700529            127            133        6         191               387
           870   10539140            127            136        9         268               513
           871   10447246            127            128        1          22               596
           872    8290022            127            128        1          32               267
           873   12248322            127            135        8         242               294
           874   11235872            127            128        1          24               255
           875    2172662            127            130        3         107               510
           876    7765894            127            131        4         140               562
           877    8188613            127            126       -1         -72               229
           878   11841679            126            128        2          65               313
           879    5674740            126            123       -3        -180               406
           880   12605113            126            128        2          66               261
           881    2574707            126            123       -3        -180               256
           882   10532608            126            124       -2        -128               436
           883    1706195            126            133        7         225               641
           884   11890810            126            131        5         167               899
           885    7431009            126            127        1          21               495
           886    4962179            126            122       -4        -225               415
           887     767860            126            127        1          22               692
           888   10034794            126            127        1          25               333
           889    5800261            126            120       -6        -328              1427
           890    9583892            126            131        5         171               675
           891   13566611            126            124       -2        -121               975
           892     464294            126            128        2          74               537
           893    7548048            126            122       -4        -220               463
           894    7169167            126            120       -6        -322               359
           895    3026506            126            123       -3        -176               845
           896    7011580            126            126        0         -23              1166
           897   11641614            126            134        8         255               672
           898    5857436            126            124       -2        -123               770
           899    8772248            126            147       21         513              1051
           900   10116933            126            129        3         118               415
           901    5787191            126            120       -6        -324               788
           902    2235509            126            128        2          75               584
           903    4608569            126            120       -6        -323              1173
           904    3061623            126            123       -3        -177               751
           905    6757536            126            131        5         178               627
           906     356321            126            121       -5        -270               738
           907    3866805            126            131        5         178               988
           908    8556261            126            124       -2        -122               424
           909    1675658            126            128        2          74               314
           910   12262873            126            118       -8        -449              1121
           911    4204636            126            124       -2        -118               551
           912    3511630            126            125       -1         -75               604
           913   12253965            126            128        2          75              1093
           914   11012191            126            135        9         286               453
           915   12393602            126            121       -5        -263               312
           916   12896556            126            123       -3        -177               444
           917     665405            126            126        0         -22               455
           918   12474728            126            130        4         154               560
           919   11546360            126            124       -2        -130               750
           920   11414057            126            120       -6        -343               454
           921    2325905            126            118       -8        -471               878
           922   12014636            126            125       -1         -81               493
           923    5182974            126            132        6         211               415
           924    7454613            126            134        8         272               594
           925    6884285            126            119       -7        -404               565
           926    4036002            126            124       -2        -130               397
           927    9944882            125            123       -2        -131               253
           928   11659910            125            128        3         112               397
           929     996312            125            125        0         -26              1265
           930   10535657            125            134        9         294               323
           931    2658184            125            129        4         156               665
           932    1928397            125            122       -3        -178               689
           933    2135951            125            124       -1         -74               336
           934    8118071            125            121       -4        -224               824
           935    8789330            125            122       -3        -182               724
           936   10259888            125            124       -1         -75               383
           937    7061204            125            123       -2        -138               768
           938    7084073            125            121       -4        -219               242
           939    4902525            125            118       -7        -415              1461
           940    9413168            125            120       -5        -288              1115
           941     292677            125            118       -7        -414               908
           942    1464206            125            135       10         324              1267
           943   10891976            125            125        0         -43              1242
           944    9854245            125            119       -6        -351               987
           945   11255820            125            126        1          14               750
           946   12803450            125            126        1          12               588
           947     356373            125            124       -1         -92               784
           948    3365189            125            121       -4        -229               840
           949    1967658            125            121       -4        -236               759
           950     813620            125            120       -5        -295               633
           951    1892797            125            121       -4        -229               724
           952    1189659            125            122       -3        -172               852
           953   12994913            125            122       -3        -183               575
           954   13577331            125            121       -4        -234              1000
           955    4680226            125            124       -1         -90               524
           956    5849019            125            128        3         111               381
           957    9562642            125            119       -6        -357               643
           958    7290163            125            125        0         -16               353
           959     890273            125            120       -5        -295               278
           960    1244577            125            125        0         -29               711
           961    3664185            125            133        8         281               377
           962    1220795            125            126        1          16               463
           963   13301996            125            122       -3        -187               399
           964     397582            125            128        3         111               638
           965    7437741            125            132        7         257               764
           966    5214505            125            136       11         363               532
           967    4047855            125            137       12         387               557
           968    1563838            124            138       14         430               264
           969    4185804            124            127        3         107               660
           970   11996570            124            123       -1         -95               625
           971   13321205            124            126        2          56               765
           972    4630214            124            122       -2        -147               763
           973    3636331            124            125        1          11               400
           974    3057981            124            122       -2        -144               549
           975    6461321            124            117       -7        -429               567
           976   12077016            124            125        1           0               462
           977   12673125            124            127        3         110               290
           978    9734522            124            125        1           8               779
           979   11044059            124            126        2          55              1030
           980   10981971            124            128        4         151               325
           981    8966626            124            121       -3        -189              1258
           982    1317443            124            125        1           9               480
           983     739196            124            122       -2        -140               764
           984    1187512            124            128        4         142               656
           985    3685474            124            132        8         286               270
           986    6887457            124            119       -5        -325               545
           987    6021265            124            130        6         234               420
           988    1894177            124            114      -10        -653               955
           989    7440739            124            129        5         200               421
           990    8891041            124            127        3          98               550
           991   11968750            124            128        4         159               419
           992    9521931            124            116       -8        -516               606
           993    4558383            124            127        3          90               808
           994    1748681            124            122       -2        -141               576
           995    8178937            124            126        2          57               401
           996    3829502            124            129        5         198               562
           997   12480811            124            121       -3        -187               308
           998   10466891            124            123       -1         -88               261
           999    1835531            124            135       11         372               368
          1000    2522634            124            122       -2        -133               517
