H-index change r=1.0 → r=0.50 - Top-100
=======================================

 rank_baseline  author_id  h_index_r1.00  h_index_r0.50  delta_h  delta_rank  num_publications
             1    2909828            288            299       11           0              2173
             2    2036634            252            263       11          -2               927
             3    3118255            252            256        4          -4               584
             4    3905565            249            255        6          -6              1253
             5    6558419            248            260       12          -1               849
             6    9772016            245            232      -13         -14              2466
             7    6795552            245            262       17           2              1273
             8    8784928            242            256       14           0               735
             9   11384487            241            227      -14         -12              1653
            10    3566237            235            233       -2          -9              1805
            11    5187963            234            211      -23         -25              1527
            12   12709842            233            248       15          -2              1288
            13    3078355            230            276       46          11              1202
            14    9516779            228            251       23           2              1307
            15   10683466            222            224        2          -8              1024
            16    3546501            222            244       22          -1              1350
            17   13091167            220            220        0          -8              1337
            18    2986463            218            248       30           5              1599
            19    7019150            216            216        0         -11               783
            20    6990667            215            210       -5         -18              1341
            21   11922989            214            215        1         -12              1322
            22    8815400            213            217        4          -6               681
            23    4498000            211            202       -9         -24              1065
            24   13120003            211            224       13           2              1405
            25    6009653            211            244       33           9              1045
            26   12239711            211            199      -12         -27               878
            27    4013524            211            247       36          12               839
            28    9642557            209            218        9           1              1728
            29     101090            209            271       62          26               782
            30    3303308            206            224       18           6              1152
            31    1127410            206            193      -13         -43              1004
            32   12452097            205            189      -16         -57              1157
            33    9964935            205            198       -7         -24               885
            34    1497768            204            201       -3         -17              1155
            35    7811568            203            192      -11         -41               817
            36    7945633            203            219       16          10              1028
            37     908173            202            191      -11         -41              2535
            38    4226882            202            256       54          29               556
            39   10928932            201            198       -3         -16              2036
            40    7708141            201            211       10           5               651
            41    2132626            201            207        6          -1               679
            42   10020021            200            206        6          -1              1093
            43    1898713            200            254       54          32               474
            44   13391059            198            174      -24         -88              1825
            45    2752276            198            187      -11         -50               953
            46    5802147            198            198        0         -10              1087
            47   12064581            198            184      -14         -57               983
            48    3443989            197            201        4          -1               727
            49    1787155            195            210       15          10               683
            50   12885095            194            208       14           9               639
            51   13718786            194            178      -16         -67               734
            52    2398791            194            209       15          12               537
            53    8375151            194            194        0         -15               921
            54    3653795            193            217       24          25              1097
            55   12504769            192            196        4          -6              1075
            56    8169729            190            204       14          11               978
            57    3063839            190            180      -10         -56              1271
            58    8077292            190            172      -18         -89              1254
            59   12977538            190            187       -3         -38               687
            60    5639696            189            210       21          23               442
            61   12709092            189            173      -16         -78              1597
            62    9553359            189            172      -17         -83               796
            63   13103046            189            213       24          29               974
            64   13032220            188            179       -9         -52               561
            65    2579314            188            180       -8         -47              1433
            66    6826428            188            172      -16         -78              1667
            67   11083570            188            188        0         -25               854
            68    8456779            188            205       17          24               370
            69   12943379            187            167      -20        -105              1525
            70   13673999            187            171      -16         -82              1147
            71    8649812            186            190        4         -11              1278
            72    8435304            185            194        9           7              1414
            73   12537065            185            193        8           1              1103
            74    2563296            185            181       -4         -36               654
            75    9665806            185            197       12          16               636
            76    7733186            184            169      -15         -84              1148
            77    7738768            184            237       53          59               613
            78    6755308            184            170      -14         -79              1258
            79    5031730            183            186        3         -19              1482
            80    1204811            183            156      -27        -186              1141
            81   12792640            183            195       12          18               724
            82    9252184            182            175       -7         -46               641
            83    8555229            181            178       -3         -36              1015
            84    3232452            181            189        8          -6              1282
            85    8567115            180            164      -16        -116              1573
            86   11758319            179            162      -17        -127              1479
            87    3052931            179            189       10           2               365
            88     985018            179            179        0         -29               916
            89    3653221            179            172       -7         -59              1547
            90   12748302            178            193       15          20               763
            91   11062698            177            190       13           7               705
            92    1690800            176            180        4         -19              2763
            93    4220000            176            163      -13        -116              1060
            94    7898192            176            216       40          63              1277
            95    6358547            176            189       13           7              1348
            96      66436            176            191       15          15               807
            97    4824452            175            165      -10         -94               555
            98    9663796            175            167       -8         -80               964
            99    2049097            174            149      -25        -252              1853
           100    2879564            174            192       18          25               645
