H-index change r=1.0 → r=0.50 - Top-1,000
=========================================

 rank_baseline  author_id  h_index_r1.00  h_index_r0.50  delta_h  delta_rank  num_publications
             1    2909828            288            299       11           0              2173
             2    2036634            252            263       11          -2               927
             3    3118255            252            256        4          -4               584
             4    3905565            249            255        6          -6              1253
             5    6558419            248            260       12          -1               849
             6    9772016            245            232      -13         -14              2466
             7    6795552            245            262       17           2              1273
             8    8784928            242            256       14           0               735
             9   11384487            241            227      -14         -12              1653
            10    3566237            235            233       -2          -9              1805
            11    5187963            234            211      -23         -25              1527
            12   12709842            233            248       15          -2              1288
            13    3078355            230            276       46          11              1202
            14    9516779            228            251       23           2              1307
            15   10683466            222            224        2          -8              1024
            16    3546501            222            244       22          -1              1350
            17   13091167            220            220        0          -8              1337
            18    2986463            218            248       30           5              1599
            19    7019150            216            216        0         -11               783
            20    6990667            215            210       -5         -18              1341
            21   11922989            214            215        1         -12              1322
            22    8815400            213            217        4          -6               681
            23    4498000            211            202       -9         -24              1065
            24   13120003            211            224       13           2              1405
            25    6009653            211            244       33           9              1045
            26   12239711            211            199      -12         -27               878
            27    4013524            211            247       36          12               839
            28    9642557            209            218        9           1              1728
            29     101090            209            271       62          26               782
            30    3303308            206            224       18           6              1152
            31    1127410            206            193      -13         -43              1004
            32   12452097            205            189      -16         -57              1157
            33    9964935            205            198       -7         -24               885
            34    1497768            204            201       -3         -17              1155
            35    7811568            203            192      -11         -41               817
            36    7945633            203            219       16          10              1028
            37     908173            202            191      -11         -41              2535
            38    4226882            202            256       54          29               556
            39   10928932            201            198       -3         -16              2036
            40    7708141            201            211       10           5               651
            41    2132626            201            207        6          -1               679
            42   10020021            200            206        6          -1              1093
            43    1898713            200            254       54          32               474
            44   13391059            198            174      -24         -88              1825
            45    2752276            198            187      -11         -50               953
            46    5802147            198            198        0         -10              1087
            47   12064581            198            184      -14         -57               983
            48    3443989            197            201        4          -1               727
            49    1787155            195            210       15          10               683
            50   12885095            194            208       14           9               639
            51   13718786            194            178      -16         -67               734
            52    2398791            194            209       15          12               537
            53    8375151            194            194        0         -15               921
            54    3653795            193            217       24          25              1097
            55   12504769            192            196        4          -6              1075
            56    8169729            190            204       14          11               978
            57    3063839            190            180      -10         -56              1271
            58    8077292            190            172      -18         -89              1254
            59   12977538            190            187       -3         -38               687
            60    5639696            189            210       21          23               442
            61   12709092            189            173      -16         -78              1597
            62    9553359            189            172      -17         -83               796
            63   13103046            189            213       24          29               974
            64   13032220            188            179       -9         -52               561
            65    2579314            188            180       -8         -47              1433
            66    6826428            188            172      -16         -78              1667
            67   11083570            188            188        0         -25               854
            68    8456779            188            205       17          24               370
            69   12943379            187            167      -20        -105              1525
            70   13673999            187            171      -16         -82              1147
            71    8649812            186            190        4         -11              1278
            72    8435304            185            194        9           7              1414
            73   12537065            185            193        8           1              1103
            74    2563296            185            181       -4         -36               654
            75    9665806            185            197       12          16               636
            76    7733186            184            169      -15         -84              1148
            77    7738768            184            237       53          59               613
            78    6755308            184            170      -14         -79              1258
            79    5031730            183            186        3         -19              1482
            80    1204811            183            156      -27        -186              1141
            81   12792640            183            195       12          18               724
            82    9252184            182            175       -7         -46               641
            83    8555229            181            178       -3         -36              1015
            84    3232452            181            189        8          -6              1282
            85    8567115            180            164      -16        -116              1573
            86   11758319            179            162      -17        -127              1479
            87    3052931            179            189       10           2               365
            88     985018            179            179        0         -29               916
            89    3653221            179            172       -7         -59              1547
            90   12748302            178            193       15          20               763
            91   11062698            177            190       13           7               705
            92    1690800            176            180        4         -19              2763
            93    4220000            176            163      -13        -116              1060
            94    7898192            176            216       40          63              1277
            95    6358547            176            189       13           7              1348
            96      66436            176            191       15          15               807
            97    4824452            175            165      -10         -94               555
            98    9663796            175            167       -8         -80               964
            99    2049097            174            149      -25        -252              1853
           100    2879564            174            192       18          25               645
           101    1414397            174            196       22          41               793
           102    6853236            174            204       30          56               581
           103    8197217            174            184       10           0               498
           104   12580511            173            182        9          -2               743
           105     821788            173            154      -19        -185               721
           106   11237548            173            175        2         -25              1109
           107   11095942            173            169       -4         -55              1268
           108    3234892            173            159      -14        -126              1227
           109    6500557            172            158      -14        -136              1258
           110     105101            172            170       -2         -46              1232
           111   11615886            172            199       27          57               896
           112    7703871            172            157      -15        -145               711
           113    9238635            172            174        2         -22               791
           114    1644939            171            156      -15        -151               719
           115    6671105            171            177        6         -10               604
           116    4479236            170            167       -3         -57               489
           117    8463126            170            149      -21        -236              2121
           118    9799654            170            177        7          -5               514
           119    3966887            170            163       -7         -88               458
           120    1816213            169            161       -8         -99              1285
           121     472781            169            166       -3         -63               798
           122    1360463            169            162       -7         -92               868
           123    4801700            169            151      -18        -209              1358
           124    4468912            169            168       -1         -41               620
           125   13229925            169            168       -1         -42               994
           126     671306            169            169        0         -37              1056
           127   11831050            169            193       24          56               676
           128    2260002            169            185       16          29               536
           129    9886262            169            194       25          63               473
           130    8066685            168            160       -8         -93               928
           131   12237274            168            215       47          99              1038
           132    5422420            168            201       33          80               465
           133   11081471            168            188       20          40              1253
           134    2960952            168            166       -2         -53               767
           135    7909688            168            174        6          -1               541
           136   11891718            167            151      -16        -192               858
           137    2885945            167            159       -8         -93               472
           138    2460564            167            187       20          44               499
           139    2465983            167            163       -4         -69              1355
           140    8614840            167            194       27          76               558
           141   11789899            167            188       21          50              1071
           142    9427293            167            191       24          62               544
           143    5312840            167            153      -14        -168               500
           144    5165833            166            164       -2         -54               988
           145   10987843            166            189       23          59               613
           146    3154408            166            156      -10        -125              1853
           147    4898397            166            149      -17        -210               773
           148    6680173            166            152      -14        -173              1479
           149   13690353            166            189       23          62               447
           150    2027962            166            175        9          21               906
           151   11188688            166            149      -17        -214               683
           152    7425343            166            183       17          47               575
           153    9067721            165            172        7          11               855
           154    6724779            165            184       19          52               733
           155    6312414            165            141      -24        -322              1277
           156    2701585            165            153      -12        -149              1031
           157    1549041            165            148      -17        -216               962
           158    9635713            165            167        2         -17               377
           159    5181920            164            140      -24        -333              3865
           160    7961189            164            167        3         -11               383
           161   12611655            164            140      -24        -335               482
           162   13248739            164            146      -18        -231              1172
           163    4995275            164            154      -10        -125               394
           164    1178692            164            171        7          13               367
           165   11751146            164            164        0         -38               698
           166    5306143            164            172        8          17              1036
           167    6837858            164            158       -6         -81              1188
           168    3427110            164            148      -16        -204               792
           169    4074180            164            153      -11        -134               687
           170    7978331            164            172        8          20               697
           171   13104577            164            154      -10        -128               719
           172   11214711            164            155       -9        -113              1075
           173   10627261            164            187       23          77               548
           174     237762            163            201       38         124               836
           175    7798789            163            164        1         -27              1380
           176    7805689            163            178       15          56              1266
           177    6003655            163            162       -1         -40              1190
           178    4861431            163            158       -5         -74               412
           179    2776191            162            143      -19        -250              1777
           180    8755657            162            152      -10        -136              1029
           181    3421764            162            147      -15        -201              1383
           182    3251246            162            165        3         -12               928
           183   11718556            162            177       15          59               844
           184    1560583            162            156       -6         -89               572
           185    5181155            162            155       -7        -101               912
           186    5835021            162            158       -4         -61               482
           187    8860077            161            197       36         129               888
           188   12887932            161            159       -2         -51               669
           189    1809847            161            139      -22        -333               719
           190    1181300            161            185       24          90               592
           191    2483920            160            193       33         122               492
           192    8005973            160            150      -10        -146               340
           193     556651            160            151       -9        -138              1366
           194    7493207            160            173       13          54              1793
           195   10794292            160            151       -9        -138              1595
           196    3479577            160            166        6          13               776
           197    6225476            160            149      -11        -162               922
           198   11172599            160            157       -3         -56               553
           199   10118333            160            170       10          41               539
           200    5089676            159            144      -15        -215               289
           201     582870            159            149      -10        -148               329
           202   11465499            159            164        5           5               435
           203    4101466            159            191       32         126               552
           204    3459958            159            160        1         -18               837
           205    3809384            159            167        8          29               443
           206    8041858            159            142      -17        -252              1645
           207   11001177            159            159        0         -31              1550
           208    9171307            159            172       13          65               815
           209    7813478            159            162        3          -6               405
           210    8017595            159            158       -1         -39               826
           211     135874            159            148      -11        -164               601
           212    9624370            158            138      -20        -328              2081
           213   11723599            158            149       -9        -143              1410
           214    4774013            158            158        0         -30               729
           215   11041206            158            154       -4         -78               669
           216     490297            158            147      -11        -170               874
           217    7014758            158            151       -7        -117               833
           218    4961259            158            163        5           8               908
           219    6088022            158            152       -6        -105               600
           220   10586408            157            170       13          65               542
           221    4935977            157            140      -17        -277              1098
           222    7569995            157            144      -13        -198              1094
           223    9725375            157            156       -1         -41               745
           224    4740827            157            194       37         157               523
           225    4709876            157            149       -8        -136               824
           226     169530            157            150       -7        -119              1281
           227   10370425            157            181       24         119              1297
           228    4088575            157            165        8          33              1680
           229    2325531            157            174       17          95               625
           230   10128707            157            150       -7        -112               624
           231    9054802            157            153       -4         -70               391
           232    7104680            157            182       25         125               585
           233    6731879            156            155       -1         -46               380
           234   11514652            156            156        0         -28              1490
           235    8679580            156            155       -1         -46               563
           236   11012791            156            135      -21        -372              1124
           237    6870015            156            156        0         -35               938
           238    6052377            156            149       -7        -116               401
           239   11055524            156            150       -6        -102               835
           240     801139            156            154       -2         -49               408
           241    7463923            156            143      -13        -197              1091
           242    4415660            156            173       17         104               402
           243    9043796            156            150       -6        -104               959
           244   10509641            156            167       11          64               923
           245    3981634            156            168       12          76               500
           246    6470877            156            158        2          -7              1067
           247    2745601            156            157        1         -11               440
           248   10218082            156            155       -1         -39               438
           249    7512878            155            144      -11        -168              3258
           250    8693805            155            125      -30        -670              2021
           251    8879664            155            128      -27        -564              1720
           252    4161887            155            160        5          31               538
           253     594134            155            164        9          54               428
           254   10542938            155            158        3           8              1658
           255    4856924            155            153       -2         -49              1376
           256   11337892            155            140      -15        -250               970
           257     322195            155            143      -12        -179               564
           258    3869622            155            143      -12        -183               657
           259    4892116            155            173       18         118               731
           260    1975725            155            145      -10        -154               718
           261   11521821            155            157        2           2               402
           262    3983375            154            154        0         -29               672
           263    8686107            154            150       -4         -80              1050
           264   13684795            154            139      -15        -259              1309
           265   10209666            154            142      -12        -201               959
           266    7204989            154            154        0         -32               897
           267    5331423            154            133      -21        -419               783
           268    8570362            154            171       17         114               426
           269    7159174            154            163        9          58               641
           270    6585549            154            168       14         100               382
           271    3180855            153            161        8          53               445
           272   12069290            153            137      -16        -285              2128
           273    2658409            153            140      -13        -228              1137
           274    4711920            153            151       -2         -56               658
           275     865370            153            196       43         213               903
           276    7480960            153            142      -11        -185              1236
           277    6453968            153            135      -18        -342               433
           278   11776138            153            143      -10        -165              1130
           279    4024057            153            166       13          93               506
           280     746540            153            178       25         158               837
           281   13491348            153            150       -3         -65               828
           282    9731660            152            140      -12        -212              1026
           283    6535423            152            137      -15        -269               539
           284   10015265            152            141      -11        -196               711
           285   12555196            152            137      -15        -271              1119
           286     166990            152            136      -16        -295               606
           287    1242573            152            138      -14        -252               633
           288    6424941            152            149       -3         -67               700
           289   13659634            152            136      -16        -294               364
           290    4849823            152            151       -1         -46               644
           291   12629806            152            167       15         114               441
           292    6505239            152            142      -10        -181               724
           293    5078543            151            143       -8        -132               404
           294   10222543            151            133      -18        -384              1316
           295   12675874            151            145       -6        -108               999
           296     934687            151            169       18         135               882
           297   10851275            151            185       34         196              1087
           298    7170358            151            143       -8        -142               534
           299    1464061            151            149       -2         -61               578
           300    7899061            151            168       17         132               845
           301    6977461            151            153        2          -8               429
           302   12017134            151            141      -10        -182               517
           303    9338435            151            160        9          74               637
           304   13491536            150            146       -4         -86               486
           305    8794486            150            143       -7        -122               652
           306    8736088            150            142       -8        -147               719
           307   12036667            150            156        6          44               439
           308    2031834            150            136      -14        -274              1053
           309    1922765            150            159        9          77               380
           310   13039147            150            155        5          27               473
           311   13235419            150            137      -13        -255               992
           312    1648624            150            145       -5        -100               552
           313    5380972            149            138      -11        -224              1372
           314    8140432            149            132      -17        -388               538
           315    3829461            149            123      -26        -699              2048
           316    9891695            149            141       -8        -169               828
           317   12248926            149            134      -15        -318               910
           318    1091390            149            143       -6        -116              1040
           319    2795506            149            178       29         198              1105
           320   11706030            149            153        4          13               872
           321    5023184            149            154        5          25               977
           322    5024671            149            150        1         -26               920
           323    9693135            149            161       12         103               459
           324     581753            149            168       19         158               627
           325     634539            149            164       15         121               482
           326     969703            149            142       -7        -139               729
           327    2980459            149            156        7          58               363
           328    5572671            148            151        3           1               553
           329    4447470            148            144       -4         -87               715
           330    9308643            148            165       17         141               433
           331   10476158            148            148        0         -38               633
           332   11202602            148            142       -6        -116               856
           333   11011273            148            166       18         151               391
           334    8360480            148            135      -13        -269              1121
           335    7297836            148            163       15         129               338
           336    9457498            148            139       -9        -181               428
           337   10318924            148            193       45         264              1877
           338    3414669            148            151        3           9               451
           339     813880            148            133      -15        -348               577
           340   11788229            148            136      -12        -247               870
           341   13046665            148            143       -5         -89               654
           342   10579853            148            137      -11        -232               910
           343   10099792            148            136      -12        -249               805
           344   10801873            148            136      -12        -249               875
           345     799233            148            142       -6        -123               492
           346    3978719            148            139       -9        -187               721
           347    8086929            148            142       -6        -123               680
           348   12995966            148            153        5          36               533
           349    2468788            147            139       -8        -166              1190
           350    5660226            147            134      -13        -288              1272
           351   10761065            147            156        9          81               974
           352    8085036            147            145       -2         -50              1126
           353   12203369            147            121      -26        -755              1274
           354    2840520            147            129      -18        -436              1066
           355    9683503            147            154        7          60              1202
           356     773954            147            157       10         101               395
           357    8542601            147            138       -9        -187               596
           358    4463879            147            152        5          43               336
           359    1862434            147            134      -13        -290               662
           360    3358870            147            134      -13        -299               750
           361    4323104            147            140       -7        -142               456
           362    4101734            147            202       55         314               517
           363    8738144            146            164       18         167               379
           364    8115288            146            158       12         123               495
           365   11063113            146            131      -15        -362              1239
           366    6568216            146            148        2          -4               789
           367    5054989            146            139       -7        -152              1319
           368    6722165            146            139       -7        -152              1007
           369    6922052            146            167       21         197               618
           370    8894253            146            143       -3         -65              1179
           371    6880726            146            137       -9        -194               579
           372    6639896            146            135      -11        -237               489
           373    5231410            146            139       -7        -154               908
           374    9424666            146            133      -13        -315               530
           375    6563944            146            145       -1         -36               657
           376   13163956            146            166       20         188               541
           377   10062121            146            156       10          99               623
           378    2295401            146            174       28         241               746
           379    9625704            145            155       10          99               461
           380   12169351            145            152        7          67               695
           381   13458359            145            146        1         -10               943
           382    3332484            145            137       -8        -172              1632
           383   12929157            145            123      -22        -625              1510
           384   12637545            145            132      -13        -323              1502
           385    9969692            145            156       11         117               646
           386    3437423            145            159       14         155               409
           387     850749            145            159       14         154               349
           388    4359941            145            148        3          21               577
           389    7634095            145            140       -5        -111               677
           390   10272637            145            137       -8        -163              1017
           391    1502835            145            143       -2         -40               728
           392    8156850            145            152        7          75               521
           393   13566595            145            147        2          12               378
           394   10206442            145            169       24         235               302
           395    7248794            145            145        0         -10               504
           396    3183171            145            139       -6        -133               625
           397    8346761            145            160       15         171               413
           398   13149009            144            127      -17        -447               648
           399    1822010            144            158       14         157               475
           400    5383568            144            131      -13        -331              1000
           401   13120868            144            132      -12        -303              1728
           402   11044805            144            135       -9        -204              1085
           403   10762827            144            141       -3         -80              1002
           404   11691208            144            131      -13        -330               914
           405   11016824            144            129      -15        -383              1174
           406    4517289            144            132      -12        -308               610
           407    5016052            144            134      -10        -244               971
           408    3234457            144            129      -15        -390               699
           409    6872121            144            190       46         326               556
           410    6354336            144            155       11         126               725
           411    7599636            144            142       -2         -53               310
           412    7588114            144            133      -11        -279              1293
           413     131737            143            141       -2         -62               346
           414    4808180            143            142       -1         -42              1012
           415    9974429            143            127      -16        -438               778
           416    5490285            143            146        3          24               438
           417    5882197            143            142       -1         -37               809
           418   12751751            143            128      -15        -402               656
           419    9386249            143            137       -6        -140               710
           420   11208733            143            140       -3         -84               523
           421    4921825            143            167       24         242               740
           422   11064177            143            139       -4        -108               752
           423    7987482            143            124      -19        -561              1304
           424   11151604            143            137       -6        -145               376
           425    9945717            143            150        7          81               848
           426    4753887            143            160       17         202               778
           427     257160            143            134       -9        -229               549
           428    7048619            143            133      -10        -262               544
           429    6953248            143            115      -28       -1056               822
           430    8233431            143            142       -1         -32               281
           431     239806            142            121      -21        -665              1727
           432    6632154            142            146        4          37               748
           433    8382816            142            134       -8        -196              1026
           434    2699514            142            126      -16        -457              1522
           435    6306647            142            127      -15        -413               692
           436     102068            142            130      -12        -320               903
           437    8456786            142            134       -8        -195               739
           438    4596262            142            153       11         136              1217
           439    9477860            142            141       -1         -37               341
           440    1783126            142            125      -17        -487               470
           441    2275911            142            132      -10        -268              1082
           442    3936543            142            144        2          21              1323
           443   10935129            142            142        0         -17              1571
           444    3646933            142            134       -8        -201               617
           445    3850817            142            127      -15        -412               916
           446   11013929            142            191       49         367               354
           447    3092815            142            175       33         317               558
           448    1860982            142            134       -8        -206               415
           449    2268676            142            160       18         222               581
           450    4901910            142            153       11         144               663
           451    1784073            141            129      -12        -330              1152
           452   10263596            141            142        1           6               277
           453    5570238            141            127      -14        -399              1186
           454    5644017            141            134       -7        -182               997
           455    8882255            141            162       21         239               636
           456   11955484            141            139       -2         -70              1151
           457    2850933            141            139       -2         -57               776
           458   12105080            141            127      -14        -401               776
           459     471248            141            159       18         222               384
           460    6269580            141            137       -4        -104              1035
           461    1293946            141            133       -8        -219               342
           462    5858883            141            120      -21        -732              1158
           463   11731890            141            137       -4        -100               700
           464    7719400            141            138       -3         -84              1179
           465    7617876            141            152       11         146               506
           466   11389780            141            144        3          43               689
           467    1503385            141            136       -5        -129               313
           468     689225            140            138       -2         -67               840
           469    2526199            140            138       -2         -67               580
           470    3766688            140            147        7          91               242
           471    9315732            140            146        6          73               796
           472   11520814            140            125      -15        -465              1133
           473    9738976            140            135       -5        -137              1615
           474    1125251            140            133       -7        -209               729
           475    8041099            140            130      -10        -288              1696
           476    2851955            140            152       12         153               640
           477    1447564            140            147        7          93               794
           478    6102629            140            128      -12        -360               607
           479     104283            140            158       18         236               350
           480    6189194            140            135       -5        -135               904
           481    5755120            139            140        1          -9               281
           482    2380914            139            142        3          37              1391
           483    8283744            139            122      -17        -567              1365
           484   11721204            139            124      -15        -482               905
           485    6476519            139            118      -21        -793              1359
           486    9600895            139            149       10         134               874
           487    6576341            139            134       -5        -143               671
           488    6795558            139            129      -10        -296               809
           489    2319621            139            138       -1         -54               837
           490    5238027            139            134       -5        -144               538
           491    1158410            139            128      -11        -336               626
           492    6305099            139            131       -8        -246              1093
           493    1938122            139            145        6          87               969
           494    5336568            139            137       -2         -74               893
           495    8068019            139            137       -2         -76               847
           496    2893288            139            129      -10        -299               997
           497    4216435            139            121      -18        -625               741
           498   11196681            139            124      -15        -495               858
           499    3051726            139            140        1         -11               659
           500     250147            139            152       13         174               493
           501    3218548            138            133       -5        -174               294
           502    8169855            138            131       -7        -227              1312
           503   11343707            138            121      -17        -591               657
           504    7741716            138            156       18         243               751
           505    7411820            138            115      -23        -952               929
           506   12300358            138            129       -9        -274               478
           507    8426744            138            152       14         185               488
           508    2403426            138            134       -4        -138              1046
           509    9147425            138            138        0         -36              1094
           510    8841281            138            132       -6        -208               496
           511    8725898            138            174       36         378               637
           512    4899356            138            159       21         272               750
           513    8210896            138            142        4          46               968
           514    8912720            138            169       31         350               568
           515    6609264            137            142        5          66               933
           516   11843773            137            125      -12        -408               799
           517    6415132            137            143        6          89              1076
           518    6388574            137            144        7          99               769
           519    7943099            137            127      -10        -336               720
           520    6003788            137            122      -15        -537              1154
           521    2198854            137            117      -20        -820               607
           522    6486996            137            120      -17        -656              1093
           523    1672594            137            127      -10        -335              1523
           524    1783956            137            126      -11        -374              1225
           525   13316561            137            148       11         154               604
           526    7483890            137            126      -11        -369               871
           527    9134444            137            121      -16        -580               409
           528    2129620            137            137        0         -42               742
           529    7283332            137            124      -13        -451               982
           530    9639727            137            138        1         -12               527
           531   11788401            137            142        5          62               677
           532    5417754            137            143        6         100               425
           533    5520576            137            138        1         -13               604
           534   12621161            137            156       19         258               407
           535    9605283            137            122      -15        -549               610
           536     509816            137            153       16         226               592
           537    8890940            137            134       -3        -130               734
           538     811427            137            165       28         345               384
           539    2269569            137            156       19         262               556
           540    6051957            136            140        4          49               452
           541    3090533            136            126      -10        -351              1108
           542    3808824            136            135       -1         -63               590
           543    8744064            136            128       -8        -268               348
           544     587808            136            119      -17        -689               752
           545    7459416            136            120      -16        -618               508
           546    2572999            136            119      -17        -680               695
           547   13002384            136            122      -14        -506               558
           548   13080812            136            119      -17        -688              1075
           549    1706702            136            123      -13        -466               612
           550    7140362            136            139        3          25               627
           551    1969242            136            125      -11        -381               484
           552   11441644            136            126      -10        -342               532
           553    9322610            136            131       -5        -180               374
           554    2397923            136            137        1          -4               505
           555    6608535            136            180       44         441               440
           556   11462600            136            134       -2        -104               663
           557    4576087            136            140        4          58               305
           558   12515950            136            120      -16        -639               810
           559    7053596            136            150       14         219               333
           560    3870569            136            130       -6        -209               612
           561    6019599            136            145        9         154               588
           562   12398209            136            151       15         225               694
           563   11647755            136            136        0         -31               761
           564    6779401            136            155       19         282               688
           565    8693252            136            131       -5        -177               389
           566    3072389            136            180       44         451               492
           567    7857947            135            120      -15        -589              1223
           568   12120479            135            140        5          73               468
           569    4183247            135            134       -1         -62               868
           570    5007106            135            141        6          92               720
           571    6410157            135            124      -11        -396              1154
           572    4944262            135            134       -1         -53               904
           573    1341896            135            150       15         234               382
           574    8471580            135            129       -6        -213               797
           575    1647272            135            140        5          73              1275
           576   13608647            135            136        1         -10              1053
           577   11130391            135            149       14         219               724
           578   10449702            135            118      -17        -705               696
           579    5999551            135            121      -14        -526              1481
           580    8810744            135            152       17         262               744
           581    4838563            135            116      -19        -827               799
           582   12865354            135            141        6          95               737
           583    3144174            135            134       -1         -65               879
           584    2715773            135            129       -6        -213               594
           585   10091561            135            132       -3        -134               780
           586    8268352            135            129       -6        -205               583
           587    1425678            135            141        6         101               414
           588   10047510            135            134       -1         -73               442
           589    6040369            135            140        5          80               436
           590    7452949            135            139        4          58               549
           591    1868219            134            125       -9        -326               481
           592     657676            134            142        8         141              2383
           593   11078591            134            114      -20        -925               919
           594    9993404            134            120      -14        -559               350
           595   10491551            134            119      -15        -632              1873
           596    7251705            134            127       -7        -251               643
           597    8063411            134            131       -3        -135               445
           598    3955749            134            165       31         408              1347
           599    9289760            134            114      -20        -930               677
           600    8708204            134            139        5          76               755
           601    4529787            134            132       -2        -116               669
           602    8316946            134            129       -5        -187               583
           603   11583021            134            120      -14        -587               527
           604    2697635            134            138        4          63               449
           605    5271961            134            166       32         420               580
           606      84410            134            132       -2        -107               649
           607   11015496            134            127       -7        -256               528
           608   10187361            134            147       13         220               721
           609    8837594            134            151       17         274               640
           610   13332980            134            131       -3        -129               330
           611    6975392            134            133       -1         -74               524
           612     985750            134            137        3          45               429
           613   13715733            134            123      -11        -421               728
           614    7736586            134            130       -4        -161               612
           615    3245386            134            119      -15        -654               541
           616    3666024            134            135        1          -4               410
           617    7225928            134            131       -3        -128               540
           618    7689763            134            143        9         176               275
           619    7350785            133            132       -1         -81               818
           620    2655698            133            129       -4        -165               698
           621   12154668            133            125       -8        -305               569
           622    7594496            133            108      -25       -1384               899
           623    9738056            133            130       -3        -127               586
           624    9377906            133            121      -12        -482              1400
           625    6299425            133            119      -14        -609               867
           626   13707061            133            122      -11        -435               660
           627    4810416            133            166       33         446               381
           628    4867277            133            140        7         120               650
           629    7036534            133            124       -9        -347               419
           630    1742796            133            136        3          41               714
           631    7938681            133            131       -2         -97               508
           632   11370404            133            126       -7        -273               829
           633    7903380            133            139        6         112               395
           634    8170244            133            142        9         177               695
           635    8668512            133            125       -8        -288               306
           636    1713627            133            160       27         411              1397
           637    3486995            133            142        9         174               589
           638    9422404            133            154       21         344               554
           639    9221051            133            153       20         331               583
           640    5483222            133            137        4          68               719
           641    4764454            133            134        1         -14               895
           642    6435505            133            122      -11        -441               932
           643   11380201            133            124       -9        -338               712
           644    5210112            133            128       -5        -190               582
           645    3217749            133            120      -13        -569               624
           646    3609906            133            117      -16        -737               432
           647   11499573            133            146       13         250               298
           648    5371014            133            124       -9        -351               469
           649     579225            132            126       -6        -232               449
           650   11680030            132            126       -6        -232               474
           651   13567623            132            130       -2        -102               722
           652    6688301            132            154       22         360               640
           653     391440            132            140        8         160               382
           654    4399470            132            143       11         217              1289
           655    2076644            132            122      -10        -387               510
           656    4787608            132            124       -8        -309               785
           657   11882341            132            126       -6        -233               712
           658    7821394            132            139        7         130               553
           659   11396879            132            117      -15        -680              1022
           660   10677432            132            133        1         -12               268
           661    7508360            132            123       -9        -358               458
           662    2509027            132            171       39         509               678
           663   13066778            132            127       -5        -191               510
           664    8426727            132            123       -9        -362               673
           665    3937506            132            143       11         226              1041
           666   10380431            132            124       -8        -320               706
           667   11487689            132            121      -11        -450               822
           668    3730327            132            141        9         179               590
           669    6182612            132            120      -12        -534               687
           670    4253050            132            158       26         420               586
           671    2452123            132            109      -23       -1297               731
           672    5927536            132            159       27         437               442
           673    7167783            132            149       17         307               483
           674    9043785            132            124       -8        -320               310
           675   13606153            132            160       28         447               295
           676    6971465            132            133        1         -20               677
           677    4599122            132            118      -14        -642               550
           678    6019391            132            127       -5        -199               403
           679   12669591            131            134        3          55               425
           680   11995675            131            122       -9        -371               341
           681    6596282            131            137        6         126              2200
           682    2379844            131            175       44         555               598
           683    9753501            131            128       -3        -135              1306
           684    4904211            131            142       11         229               891
           685   12564436            131            121      -10        -418              1017
           686    3880529            131            119      -12        -546               271
           687    8740419            131            125       -6        -243               871
           688    1429883            131            129       -2         -95               556
           689   11770271            131            120      -11        -493               860
           690    9656186            131            119      -12        -541               280
           691   11895628            131            113      -18        -920              1281
           692    9361395            131            140        9         187               424
           693    6221490            131            141       10         214               511
           694    1133516            131            120      -11        -490               523
           695    2077437            131            132        1         -21               720
           696    3988361            131            124       -7        -282               835
           697       9991            131            126       -5        -200               522
           698   11472473            131            117      -14        -662               965
           699      25449            131            113      -18        -919               927
           700   11467445            131            120      -11        -485               722
           701    4358691            131            116      -15        -719               754
           702   10260030            131            121      -10        -427               923
           703    2632386            131            145       14         294               643
           704   12130158            131            132        1         -19               920
           705    3927147            131            149       18         342               667
           706    8345627            131            146       15         307               754
           707    1874524            131            126       -5        -194               678
           708    7199561            131            118      -13        -581               493
           709    4335098            131            129       -2         -90               697
           710     990085            131            145       14         300               368
           711    2955818            131            146       15         315               416
           712     395965            131            125       -6        -229               399
           713     406144            131            134        3          45               411
           714    1245724            130            123       -7        -288               505
           715    8285378            130            117      -13        -614               826
           716   12712539            130            122       -8        -323               383
           717      21780            130            119      -11        -506               417
           718    4072474            130            120      -10        -439              1233
           719    2685968            130            119      -11        -510              1124
           720    3478498            130            125       -5        -202               268
           721    4520608            130            118      -12        -555               311
           722    3444327            130            134        4          95               669
           723     976485            130            117      -13        -614               564
           724    3728019            130            147       17         344               673
           725    6510018            130            123       -7        -292              1442
           726    1397447            130            156       26         466               527
           727   11027930            130            114      -16        -803               584
           728    8931330            130            118      -12        -557              1223
           729    6571422            130            127       -3        -121               551
           730    9737076            130            177       47         604              1549
           731    6073771            130            114      -16        -811               528
           732    9291623            130            118      -12        -556              1157
           733   10596173            130            124       -6        -229               973
           734    3509005            130            121       -9        -375              1265
           735   11411812            130            128       -2         -81               294
           736    2952352            130            136        6         151               299
           737    6344469            130            116      -14        -682              1050
           738    5156997            130            116      -14        -689               560
           739   10385651            130            122       -8        -333              1013
           740    9782620            130            139        9         209               848
           741   11849987            130            121       -9        -390               973
           742    2420057            130            134        4          77               435
           743   11428558            130            114      -16        -823               724
           744    8298423            130            119      -11        -521               408
           745    7969179            130            119      -11        -521               696
           746   13105952            130            119      -11        -509               620
           747   12605497            130            132        2          23               560
           748   12690907            130            135        5         130               266
           749     636206            130            136        6         151               441
           750    9695651            130            112      -18        -965               386
           751    5481038            130            125       -5        -204               657
           752    5588476            130            126       -4        -159               424
           753    1433696            130            122       -8        -332               371
           754   11269239            129            122       -7        -286               719
           755    6830458            129            126       -3        -128               298
           756    9622700            129            115      -14        -690               539
           757    1267647            129            123       -6        -248               920
           758    3040717            129            128       -1         -51               426
           759    2208801            129            116      -13        -642               785
           760    6967526            129            117      -12        -582               996
           761    1594974            129            128       -1         -64               685
           762    7069433            129            128       -1         -57               635
           763    9990259            129            116      -13        -634               608
           764   10535537            129            135        6         153               727
           765   10917883            129            128       -1         -58               453
           766   10814448            129            130        1           7              1064
           767    3788772            129            118      -11        -515               359
           768    6511959            129            116      -13        -661               756
           769    3130258            129            114      -15        -776               834
           770    6314658            129            127       -2         -96               888
           771    5001251            129            152       23         451               471
           772   10832345            129            120       -9        -397               479
           773    5712434            129            114      -15        -782               778
           774    9728608            129            120       -9        -407               600
           775    1290653            129            108      -21       -1283              1043
           776   11249458            129            121       -8        -354               746
           777    7150427            129            134        5         115               704
           778    3803677            129            115      -14        -727               692
           779    2440090            129            120       -9        -431               782
           780    3305779            129            115      -14        -711               716
           781    9524778            129            131        2          45               343
           782   10870100            129            127       -2         -92               594
           783    9320498            129            142       13         312               606
           784    1454352            129            163       34         572               705
           785     408222            129            120       -9        -428               738
           786    2538282            129            142       13         314               552
           787    2584088            129            131        2          41               478
           788    9116865            129            132        3          67               336
           789   12619922            129            121       -8        -356               566
           790   10499135            128            115      -13        -655               989
           791   13637563            128            115      -13        -658               542
           792    9277283            128            131        3          66               743
           793   11342748            128            121       -7        -307               672
           794    5619654            128            114      -14        -726               344
           795    2227225            128            117      -11        -540               575
           796    2612731            128            133        5         119              1037
           797    4895726            128            115      -13        -669              1438
           798   11808652            128            113      -15        -798              1137
           799     500274            128            109      -19       -1120               509
           800    7815137            128            118      -10        -481               699
           801    8135221            128            112      -16        -892               689
           802   11505053            128            122       -6        -244               864
           803    3172048            128            132        4         102               769
           804   13660475            128            125       -3        -124               491
           805    1410714            128            111      -17        -968               884
           806   12530533            128            135        7         193               942
           807   11296668            128            156       28         533               826
           808    4882351            128            137        9         247               467
           809    3508551            128            126       -2         -87               498
           810   13259303            128            108      -20       -1205               789
           811     596415            128            103      -25       -1747               702
           812    2424602            128            120       -8        -356               466
           813   12343624            128            118      -10        -491               869
           814    3745999            128            117      -11        -543               848
           815   12304779            128            135        7         203               499
           816    2634882            128            125       -3        -138               763
           817     740183            128            107      -21       -1302               858
           818    3824259            128            111      -17        -959               440
           819    3004300            128            114      -14        -720               496
           820    8143029            128            131        3          79               673
           821   10095171            128            154       26         524               607
           822    7777100            128            116      -12        -585               350
           823   11035696            128            118      -10        -473               703
           824   10252367            128            121       -7        -300               501
           825   12537528            128            136        8         230               689
           826    7182010            128            138       10         279               667
           827    8810443            128            122       -6        -251               482
           828   11655654            128            124       -4        -155               379
           829    4775284            128            118      -10        -488               800
           830    3560594            128            135        7         214               524
           831    1224157            128            123       -5        -199               332
           832    7331556            128            135        7         210               490
           833     769038            128            147       19         448               301
           834      96145            128            121       -7        -307               402
           835     832205            127            117      -10        -491               925
           836    5492909            127            123       -4        -180               666
           837    9441118            127            115      -12        -616               533
           838    7889002            127            121       -6        -264               678
           839   12460383            127            108      -19       -1157              2112
           840    3572607            127            113      -14        -752               631
           841    9514755            127            118       -9        -438               908
           842    5014355            127            114      -13        -682               563
           843    2955806            127            108      -19       -1166              1049
           844    9290537            127            110      -17       -1004               843
           845    6282057            127            125       -2         -76               328
           846    5145934            127            108      -19       -1161              1389
           847   11124262            127            114      -13        -679               681
           848    8175108            127            119       -8        -392               519
           849    4004552            127            141       14         367               630
           850   10590428            127            116      -11        -566               525
           851    2344650            127            127        0         -10              1018
           852   10898128            127            128        1          21              1140
           853    4326566            127            118       -9        -447               470
           854   13697333            127            120       -7        -335               615
           855   12115946            127            123       -4        -158               560
           856    2618186            127            123       -4        -177               432
           857     508737            127            120       -7        -341               750
           858    2990579            127            120       -7        -325               304
           859    3292817            127            113      -14        -774               538
           860    9835674            127            115      -12        -624               381
           861    3881870            127            119       -8        -399               723
           862    7036424            127            117      -10        -501               784
           863   13659730            127            141       14         375               368
           864   10659035            127            119       -8        -398               548
           865    1122115            127            118       -9        -446               410
           866   12287851            127            134        7         223               364
           867    3206448            127            116      -11        -556               425
           868    9735122            127            133        6         180               495
           869     700529            127            130        3         104               387
           870   10539140            127            145       18         462               513
           871   10447246            127            120       -7        -337               596
           872    8290022            127            124       -3         -96               267
           873   12248322            127            136        9         282               294
           874   11235872            127            125       -2         -78               255
           875    2172662            127            129        2          70               510
           876    7765894            127            130        3         106               562
           877    8188613            127            122       -5        -204               229
           878   11841679            126            127        1          35               313
           879    5674740            126            115      -11        -565               406
           880   12605113            126            130        4         131               261
           881    2574707            126            118       -8        -394               256
           882   10532608            126            117       -9        -450               436
           883    1706195            126            122       -4        -161               641
           884   11890810            126            133        7         208               899
           885    7431009            126            122       -4        -163               495
           886    4962179            126            117       -9        -450               415
           887     767860            126            125       -1         -38               692
           888   10034794            126            122       -4        -157               333
           889    5800261            126            113      -13        -705              1427
           890    9583892            126            130        4         132               675
           891   13566611            126            122       -4        -164               975
           892     464294            126            135        9         288               537
           893    7548048            126            114      -12        -628               463
           894    7169167            126            113      -13        -697               359
           895    3026506            126            117       -9        -443               845
           896    7011580            126            118       -8        -381              1166
           897   11641614            126            139       13         381               672
           898    5857436            126            122       -4        -161               770
           899    8772248            126            181       55         790              1051
           900   10116933            126            126        0          14               415
           901    5787191            126            108      -18       -1107               788
           902    2235509            126            125       -1         -31               584
           903    4608569            126            110      -16        -943              1173
           904    3061623            126            115      -11        -574               751
           905    6757536            126            135        9         303               627
           906     356321            126            112      -14        -801               738
           907    3866805            126            136       10         323               988
           908    8556261            126            120       -6        -288               424
           909    1675658            126            124       -2         -62               314
           910   12262873            126            107      -19       -1204              1121
           911    4204636            126            118       -8        -379               551
           912    3511630            126            122       -4        -163               604
           913   12253965            126            130        4         145              1093
           914   11012191            126            135        9         300               453
           915   12393602            126            111      -15        -864               312
           916   12896556            126            116      -10        -516               444
           917     665405            126            121       -5        -206               455
           918   12474728            126            128        2          78               560
           919   11546360            126            120       -6        -297               750
           920   11414057            126            114      -12        -643               454
           921    2325905            126            107      -19       -1249               878
           922   12014636            126            116      -10        -517               493
           923    5182974            126            137       11         346               415
           924    7454613            126            146       20         523               594
           925    6884285            126            110      -16        -965               565
           926    4036002            126            114      -12        -651               397
           927    9944882            125            114      -11        -585               253
           928   11659910            125            132        7         229               397
           929     996312            125            125        0          13              1265
           930   10535657            125            139       14         419               323
           931    2658184            125            131        6         201               665
           932    1928397            125            120       -5        -227               689
           933    2135951            125            121       -4        -165               336
           934    8118071            125            115      -10        -529               824
           935    8789330            125            114      -11        -597               724
           936   10259888            125            120       -5        -218               383
           937    7061204            125            116       -9        -469               768
           938    7084073            125            116       -9        -457               242
           939    4902525            125            104      -21       -1481              1461
           940    9413168            125            112      -13        -756              1115
           941     292677            125            108      -17       -1092               908
           942    1464206            125            148       23         568              1267
           943   10891976            125            120       -5        -257              1242
           944    9854245            125            112      -13        -754               987
           945   11255820            125            123       -2         -78               750
           946   12803450            125            126        1          37               588
           947     356373            125            119       -6        -316               784
           948    3365189            125            117       -8        -407               840
           949    1967658            125            108      -17       -1094               759
           950     813620            125            113      -12        -687               633
           951    1892797            125            111      -14        -824               724
           952    1189659            125            124       -1         -27               852
           953   12994913            125            113      -12        -673               575
           954   13577331            125            107      -18       -1161              1000
           955    4680226            125            118       -7        -358               524
           956    5849019            125            125        0           7               381
           957    9562642            125            107      -18       -1171               643
           958    7290163            125            127        2         107               353
           959     890273            125            109      -16        -987               278
           960    1244577            125            124       -1         -31               711
           961    3664185            125            138       13         412               377
           962    1220795            125            119       -6        -306               463
           963   13301996            125            111      -14        -836               399
           964     397582            125            126        1          50               638
           965    7437741            125            148       23         588               764
           966    5214505            125            145       20         553               532
           967    4047855            125            154       29         667               557
           968    1563838            124            149       25         618               264
           969    4185804            124            126        2          82               660
           970   11996570            124            115       -9        -485               625
           971   13321205            124            124        0           7               765
           972    4630214            124            115       -9        -495               763
           973    3636331            124            119       -5        -251               400
           974    3057981            124            119       -5        -263               549
           975    6461321            124            108      -16       -1020               567
           976   12077016            124            120       -4        -219               462
           977   12673125            124            130        6         226               290
           978    9734522            124            124        0           5               779
           979   11044059            124            122       -2         -81              1030
           980   10981971            124            129        5         188               325
           981    8966626            124            114      -10        -560              1258
           982    1317443            124            120       -4        -189               480
           983     739196            124            111      -13        -776               764
           984    1187512            124            122       -2         -85               656
           985    3685474            124            134       10         346               270
           986    6887457            124            108      -16       -1066               545
           987    6021265            124            146       22         593               420
           988    1894177            124            100      -24       -1922               955
           989    7440739            124            142       18         537               421
           990    8891041            124            123       -1         -34               550
           991   11968750            124            134       10         344               419
           992    9521931            124            107      -17       -1135               606
           993    4558383            124            127        3         117               808
           994    1748681            124            121       -3        -132               576
           995    8178937            124            125        1          52               401
           996    3829502            124            135       11         379               562
           997   12480811            124            120       -4        -202               308
           998   10466891            124            119       -5        -240               261
           999    1835531            124            149       25         635               368
          1000    2522634            124            122       -2         -66               517
