H-index change r=1.0 → r=0.25 - Top-100
=======================================

 rank_baseline  author_id  h_index_r1.00  h_index_r0.25  delta_h  delta_rank  num_publications
             1    2909828            288            274      -14          -2              2173
             2    2036634            252            245       -7          -9               927
             3    3118255            252            238      -14          -9               584
             4    3905565            249            228      -21         -15              1253
             5    6558419            248            246       -2          -4               849
             6    9772016            245            195      -50         -47              2466
             7    6795552            245            238       -7          -6              1273
             8    8784928            242            236       -6          -8               735
             9   11384487            241            185      -56         -72              1653
            10    3566237            235            198      -37         -39              1805
            11    5187963            234            169      -65        -129              1527
            12   12709842            233            229       -4          -6              1288
            13    3078355            230            282       52          11              1202
            14    9516779            228            246       18           4              1307
            15   10683466            222            195      -27         -37              1024
            16    3546501            222            222        0          -7              1350
            17   13091167            220            199      -21         -28              1337
            18    2986463            218            270       52          14              1599
            19    7019150            216            188      -28         -57               783
            20    6990667            215            186      -29         -59              1341
            21   11922989            214            181      -33         -72              1322
            22    8815400            213            203      -10         -18               681
            23    4498000            211            173      -38         -93              1065
            24   13120003            211            221       10           0              1405
            25    6009653            211            248       37          18              1045
            26   12239711            211            179      -32         -75               878
            27    4013524            211            237       26          12               839
            28    9642557            209            198      -11         -19              1728
            29     101090            209            296       87          28               782
            30    3303308            206            212        6          -1              1152
            31    1127410            206            162      -44        -143              1004
            32   12452097            205            159      -46        -156              1157
            33    9964935            205            169      -36        -106               885
            34    1497768            204            179      -25         -66              1155
            35    7811568            203            167      -36        -115               817
            36    7945633            203            215       12           7              1028
            37     908173            202            165      -37        -121              2535
            38    4226882            202            267       65          33               556
            39   10928932            201            171      -30         -82              2036
            40    7708141            201            205        4           1               651
            41    2132626            201            183      -18         -46               679
            42   10020021            200            192       -8         -23              1093
            43    1898713            200            262       62          37               474
            44   13391059            198            146      -52        -254              1825
            45    2752276            198            165      -33        -115               953
            46    5802147            198            170      -28         -80              1087
            47   12064581            198            153      -45        -195               983
            48    3443989            197            191       -6         -18               727
            49    1787155            195            192       -3         -15               683
            50   12885095            194            196        2          -1               639
            51   13718786            194            149      -45        -219               734
            52    2398791            194            193       -1          -9               537
            53    8375151            194            171      -23         -72               921
            54    3653795            193            213       20          24              1097
            55   12504769            192            179      -13         -44              1075
            56    8169729            190            191        1         -11               978
            57    3063839            190            154      -36        -172              1271
            58    8077292            190            142      -48        -291              1254
            59   12977538            190            168      -22         -84               687
            60    5639696            189            215       26          33               442
            61   12709092            189            147      -42        -230              1597
            62    9553359            189            146      -43        -238               796
            63   13103046            189            218       29          37               974
            64   13032220            188            156      -32        -142               561
            65    2579314            188            154      -34        -166              1433
            66    6826428            188            146      -42        -233              1667
            67   11083570            188            165      -23         -94               854
            68    8456779            188            194        6          13               370
            69   12943379            187            137      -50        -352              1525
            70   13673999            187            139      -48        -317              1147
            71    8649812            186            171      -15         -53              1278
            72    8435304            185            176       -9         -38              1414
            73   12537065            185            180       -5         -24              1103
            74    2563296            185            159      -26        -113               654
            75    9665806            185            189        4           1               636
            76    7733186            184            137      -47        -341              1148
            77    7738768            184            247       63          69               613
            78    6755308            184            141      -43        -281              1258
            79    5031730            183            166      -17         -77              1482
            80    1204811            183            126      -57        -576              1141
            81   12792640            183            178       -5         -25               724
            82    9252184            182            151      -31        -176               641
            83    8555229            181            155      -26        -135              1015
            84    3232452            181            172       -9         -35              1282
            85    8567115            180            137      -43        -339              1573
            86   11758319            179            131      -48        -430              1479
            87    3052931            179            176       -3         -22               365
            88     985018            179            161      -18         -88               916
            89    3653221            179            151      -28        -173              1547
            90   12748302            178            193       15          28               763
            91   11062698            177            182        5           0               705
            92    1690800            176            163      -13         -75              2763
            93    4220000            176            146      -30        -208              1060
            94    7898192            176            237       61          80              1277
            95    6358547            176            177        1         -13              1348
            96      66436            176            180        4           0               807
            97    4824452            175            138      -37        -304               555
            98    9663796            175            145      -30        -209               964
            99    2049097            174            117      -57        -843              1853
           100    2879564            174            186       12          22               645
