H-index change r=1.0 → r=0.75 - Top-100
=======================================

 rank_baseline  author_id  h_index_r1.00  h_index_r0.75  delta_h  delta_rank  num_publications
             1    2909828            288            298       10           0              2173
             2    2036634            252            261        9           0               927
             3    3118255            252            255        3          -2               584
             4    3905565            249            252        3          -2              1253
             5    6558419            248            257        9           1               849
             6    9772016            245            243       -2          -3              2466
             7    6795552            245            261       16           4              1273
             8    8784928            242            251        9           1               735
             9   11384487            241            238       -3          -2              1653
            10    3566237            235            239        4           0              1805
            11    5187963            234            228       -6          -9              1527
            12   12709842            233            238        5           0              1288
            13    3078355            230            249       19           5              1202
            14    9516779            228            237        9           0              1307
            15   10683466            222            231        9          -2              1024
            16    3546501            222            238       16           3              1350
            17   13091167            220            226        6          -4              1337
            18    2986463            218            235       17           3              1599
            19    7019150            216            224        8          -4               783
            20    6990667            215            216        1         -10              1341
            21   11922989            214            222        8          -5              1322
            22    8815400            213            220        7          -5               681
            23    4498000            211            210       -1          -9              1065
            24   13120003            211            217        6          -5              1405
            25    6009653            211            226       15           3              1045
            26   12239711            211            208       -3         -11               878
            27    4013524            211            224       13           2               839
            28    9642557            209            220       11           0              1728
            29     101090            209            233       24          13               782
            30    3303308            206            224       18           6              1152
            31    1127410            206            202       -4         -17              1004
            32   12452097            205            201       -4         -17              1157
            33    9964935            205            204       -1         -11               885
            34    1497768            204            206        2          -4              1155
            35    7811568            203            203        0         -10               817
            36    7945633            203            213       10           5              1028
            37     908173            202            200       -2         -13              2535
            38    4226882            202            231       29          20               556
            39   10928932            201            208        7           4              2036
            40    7708141            201            210        9           7               651
            41    2132626            201            206        5           0               679
            42   10020021            200            205        5           0              1093
            43    1898713            200            229       29          24               474
            44   13391059            198            186      -12         -31              1825
            45    2752276            198            198        0          -8               953
            46    5802147            198            206        8           6              1087
            47   12064581            198            194       -4         -10               983
            48    3443989            197            204        7           5               727
            49    1787155            195            202        7           2               683
            50   12885095            194            202        8           4               639
            51   13718786            194            190       -4         -13               734
            52    2398791            194            206       12          13               537
            53    8375151            194            198        4          -2               921
            54    3653795            193            209       16          20              1097
            55   12504769            192            192        0          -3              1075
            56    8169729            190            197        7           0               978
            57    3063839            190            188       -2         -11              1271
            58    8077292            190            185       -5         -25              1254
            59   12977538            190            191        1          -3               687
            60    5639696            189            198        9           8               442
            61   12709092            189            186       -3         -18              1597
            62    9553359            189            180       -9         -42               796
            63   13103046            189            200       11          12               974
            64   13032220            188            184       -4         -21               561
            65    2579314            188            186       -2         -13              1433
            66    6826428            188            185       -3         -15              1667
            67   11083570            188            188        0          -2               854
            68    8456779            188            198       10          14               370
            69   12943379            187            181       -6         -29              1525
            70   13673999            187            181       -6         -29              1147
            71    8649812            186            192        6          12              1278
            72    8435304            185            191        6          11              1414
            73   12537065            185            189        4           7              1103
            74    2563296            185            187        2           1               654
            75    9665806            185            191        6          12               636
            76    7733186            184            179       -5         -32              1148
            77    7738768            184            208       24          41               613
            78    6755308            184            180       -4         -27              1258
            79    5031730            183            183        0         -11              1482
            80    1204811            183            173      -10         -47              1141
            81   12792640            183            192        9          21               724
            82    9252184            182            182        0         -13               641
            83    8555229            181            185        4           1              1015
            84    3232452            181            185        4           0              1282
            85    8567115            180            176       -4         -30              1573
            86   11758319            179            174       -5         -36              1479
            87    3052931            179            186        7          11               365
            88     985018            179            183        4          -3               916
            89    3653221            179            181        2         -12              1547
            90   12748302            178            187        9          19               763
            91   11062698            177            187       10          17               705
            92    1690800            176            180        4         -11              2763
            93    4220000            176            174       -2         -30              1060
            94    7898192            176            190       14          29              1277
            95    6358547            176            184        8           8              1348
            96      66436            176            184        8           8               807
            97    4824452            175            173       -2         -29               555
            98    9663796            175            176        1         -19               964
            99    2049097            174            166       -8         -68              1853
           100    2879564            174            184       10          14               645
