H-index change r=1.0 → r=0.25 - Top-10
======================================

 rank_baseline  author_id  h_index_r1.00  h_index_r0.25  delta_h  delta_rank  num_publications
             1    2909828            288            274      -14          -2              2173
             2    2036634            252            245       -7          -9               927
             3    3118255            252            238      -14          -9               584
             4    3905565            249            228      -21         -15              1253
             5    6558419            248            246       -2          -4               849
             6    9772016            245            195      -50         -47              2466
             7    6795552            245            238       -7          -6              1273
             8    8784928            242            236       -6          -8               735
             9   11384487            241            185      -56         -72              1653
            10    3566237            235            198      -37         -39              1805
