Top 30 DECREASE - r=1.0 → r=0.25
================================

 author_id  h_index_r1.00  h_index_r0.25  delta_h  rank_baseline  rank_r0.25  delta_rank  num_publications
   5187963            234            169      -65             11         140        -129              1527
   8879664            155             96      -59            251        2321       -2070              1720
   3829461            149             90      -59            315        3128       -2813              2048
   8693805            155             97      -58            250        2224       -1974              2021
   8122176            110             52      -58           1951       23473      -21522              1842
   1204811            183            126      -57             80         656        -576              1141
   2049097            174            117      -57             99         942        -843              1853
  11384487            241            185      -56              9          81         -72              1653
  12203369            147             91      -56            353        2994       -2641              1274
   6953248            143             88      -55            429        3531       -3102               822
   6312414            165            112      -53            155        1147        -992              1277
   5181920            164            111      -53            159        1172       -1013              3865
  13391059            198            146      -52             44         298        -254              1825
   4801700            169            117      -52            123         948        -825              1358
   8463126            170            119      -51            117         873        -756              2121
   1809847            161            110      -51            189        1260       -1071               719
  12929157            145             94      -51            383        2560       -2177              1510
   9772016            245            195      -50              6          53         -47              2466
  12943379            187            137      -50             69         421        -352              1525
   2452123            132             82      -50            671        4774       -4103               731
   1894177            124             74      -50            988        7001       -6013               955
   3087824            121             71      -50           1139        8139       -7000              1972
    624166            108             58      -50           2194       17000      -14806               482
  12611655            164            115      -49            161        1023        -862               482
   5858883            141             92      -49            462        2877       -2415              1158
   6476519            139             90      -49            485        3130       -2645              1359
   1290653            129             80      -49            775        5248       -4473              1043
   5965719            123             74      -49           1036        7028       -5992              1168
   4108038            119             70      -49           1263        8617       -7354              1165
  12133276            118             69      -49           1349        9123       -7774              1030
