# Authors per node (node_id author_id1 author_id2 ...)
0 28
1 4
2 0 10
3 29
4 2 16 18 24
5 17 21
6 18 20 28
7 18
8 12 15 24
9 11 16
10 0 18 22
11 0 6 8 9 16 21
12 7 8 27
13 7 12 19 20
14 12 19 28
15 8 23
16 10 13 17
17 22 27
18 0 20 21 26 28 29
19 0 6
20 9 19
21 2 8 15 17 25
22 16 20 22
23 1 5 6 8 9 13 25
24 11 27
25 3 5 12 15 19 27
26 3 8 23 27 28
27 16 21
28 1 10 25
29 8 29
30 7 26
31 11
32 0 4 25
33 1 5 8 25
34 19
35 12 17 21
36 24
37 11 16
38 6 9 25
39 6
40 18
41 1 24
42 11
43 6 18 21
44 3 13
45 1 3 5 12 27
46 17
47 4 24 28
48 0 7 11 15 18 19 27
49 11
