# Authors per node (node_id author_id1 author_id2 ...)
0 3 5 12 15 21 29
1 3 8 23 27 28
2 16 21
3 1 10 25
4 8 29
5 7 26
6 11
7 0 4 25
8 1 5 8 25
9 19
10 12 17 21
11 24
12 11 16
13 6 9 25
14 6
15 18
16 1 24
17 11
18 6 18 21
19 3 13
20 1 3 5 12 27
21 17
22 4 24 28
23 0 7 11 15 18 19 27
24 11
25 8
26 14 27
27 12 20
28 17 20 28
29 6
30 9 16
31 3 11 17 26
32 0
33 6 14 18 20 27
34 1 5 15 18 28
35 14 19 21 27
36 6 17 19 26
37 12 17 27
38 11 22
39 1 2 4 22 24
40 3 6 8 11 25
41 9 13
42 18 22
43 5 7
44 6 19
45 8 10 20 26
46 0 10 12 17
47 11 12 17
48 3 4 7 9 17 20
49 17 19 29
50 6 26
51 17 26
52 0 3 12
53 13
54 4 7
55 5 11 13 27
56 4 11 22
57 16
58 5 13 23 25
59 1 3 7 13
